"teryt";"nazwa";"razem";"m";"k";"razem_przed";"m_przed";"k_przed";"razem_prod";"m_prod";"k_prod";"razem_po";"m_po";"k_po";"powierzchnia";"typ"
"0201011";"Bolesławiec (1)";37522;17509;20013;5864;3010;2854;21177;11162;10015;10481;3337;7144;24;" (1)"
"0201022";"Bolesławiec (2)";15119;7547;7572;3160;1646;1514;9276;4968;4308;2683;933;1750;289;" (2)"
"0201032";"Gromadka (2)";5094;2535;2559;899;454;445;3060;1696;1364;1135;385;750;268;" (2)"
"0201043";"Nowogrodziec (3)";14747;7352;7395;2926;1533;1393;9066;4928;4138;2755;891;1864;176;" (3)"
"0201052";"Osiecznica (2)";7329;3680;3649;1487;748;739;4518;2458;2060;1324;474;850;437;" (2)"
"0201062";"Warta Bolesławiecka (2)";8464;4175;4289;1635;816;819;5163;2807;2356;1666;552;1114;110;" (2)"
"0202011";"Bielawa (1)";28688;13381;15307;4259;2160;2099;16451;8678;7773;7978;2543;5435;36;" (1)"
"0202021";"Dzierżoniów (1)";31478;14638;16840;4616;2353;2263;17612;9388;8224;9250;2897;6353;20;" (1)"
"0202033";"Pieszyce (3)";9012;4346;4666;1534;765;769;5301;2881;2420;2177;700;1477;64;" (3)"
"0202041";"Piława Górna (1)";6059;2913;3146;1033;516;517;3594;1948;1646;1432;449;983;21;" (1)"
"0202052";"Dzierżoniów (2)";9215;4571;4644;1669;838;831;5501;3014;2487;2045;719;1326;141;" (2)"
"0202062";"Łagiewniki (2)";7254;3560;3694;1333;689;644;4308;2328;1980;1613;543;1070;125;" (2)"
"0202073";"Niemcza (3)";5178;2549;2629;817;423;394;3066;1659;1407;1295;467;828;72;" (3)"
"0203011";"Głogów (1)";63730;30514;33216;10906;5540;5366;35834;19003;16831;16990;5971;11019;35;" (1)"
"0203022";"Głogów (2)";7063;3533;3530;1575;806;769;4230;2284;1946;1258;443;815;85;" (2)"
"0203032";"Jerzmanowa (2)";5669;2824;2845;1438;741;697;3453;1793;1660;778;290;488;63;" (2)"
"0203042";"Kotla (2)";4359;2179;2180;935;462;473;2619;1431;1188;805;286;519;128;" (2)"
"0203052";"Pęcław (2)";2119;1086;1033;434;220;214;1263;710;553;422;156;266;64;" (2)"
"0203062";"Żukowice (2)";3436;1741;1695;713;352;361;2075;1141;934;648;248;400;68;" (2)"
"0204013";"Góra (3)";18797;9266;9531;3330;1704;1626;11017;5995;5022;4450;1567;2883;266;" (3)"
"0204022";"Jemielno (2)";2775;1400;1375;507;260;247;1639;909;730;629;231;398;124;" (2)"
"0204032";"Niechlów (2)";4614;2333;2281;822;399;423;2777;1557;1220;1015;377;638;151;" (2)"
"0204043";"Wąsosz (3)";6841;3392;3449;1297;653;644;4024;2205;1819;1520;534;986;197;" (3)"
"0205011";"Jawor (1)";21264;10181;11083;3267;1685;1582;12182;6528;5654;5815;1968;3847;19;" (1)"
"0205023";"Bolków (3)";9749;4793;4956;1670;870;800;5651;3103;2548;2428;820;1608;153;" (3)"
"0205032";"Męcinka (2)";5085;2529;2556;1048;522;526;3035;1653;1382;1002;354;648;148;" (2)"
"0205042";"Mściwojów (2)";4020;2030;1990;819;425;394;2368;1316;1052;833;289;544;72;" (2)"
"0205052";"Paszowice (2)";4116;2074;2042;787;399;388;2516;1381;1135;813;294;519;101;" (2)"
"0205062";"Wądroże Wielkie (2)";3795;1914;1881;686;351;335;2233;1223;1010;876;340;536;89;" (2)"
"0206011";"Karpacz (1)";4358;2004;2354;584;285;299;2523;1300;1223;1251;419;832;38;" (1)"
"0206021";"Kowary (1)";10139;4791;5348;1502;778;724;5721;3054;2667;2916;959;1957;37;" (1)"
"0206031";"Piechowice (1)";5886;2827;3059;876;472;404;3352;1790;1562;1658;565;1093;43;" (1)"
"0206041";"Szklarska Poręba (1)";5873;2783;3090;822;407;415;3384;1839;1545;1667;537;1130;75;" (1)"
"0206052";"Janowice Wielkie (2)";4113;2055;2058;732;390;342;2435;1339;1096;946;326;620;58;" (2)"
"0206062";"Jeżów Sudecki (2)";7801;3789;4012;1546;745;801;4708;2461;2247;1547;583;964;94;" (2)"
"0206072";"Mysłakowice (2)";9828;4788;5040;1696;856;840;5876;3158;2718;2256;774;1482;88;" (2)"
"0206082";"Podgórzyn (2)";8178;3995;4183;1370;719;651;4774;2564;2210;2034;712;1322;83;" (2)"
"0206092";"Stara Kamienica (2)";5293;2582;2711;939;491;448;3183;1680;1503;1171;411;760;111;" (2)"
"0207011";"Kamienna Góra (1)";17724;8450;9274;2529;1338;1191;10257;5527;4730;4938;1585;3353;18;" (1)"
"0207022";"Kamienna Góra (2)";8860;4427;4433;1726;899;827;5383;2912;2471;1751;616;1135;158;" (2)"
"0207033";"Lubawka (3)";10319;5047;5272;1628;810;818;6064;3376;2688;2627;861;1766;138;" (3)"
"0207042";"Marciszów (2)";4341;2194;2147;729;411;318;2587;1444;1143;1025;339;686;82;" (2)"
"0208011";"Duszniki-Zdrój (1)";4178;1942;2236;550;298;252;2271;1226;1045;1357;418;939;22;" (1)"
"0208021";"Kłodzko (1)";25442;11884;13558;3791;1979;1812;14422;7553;6869;7229;2352;4877;25;" (1)"
"0208031";"Kudowa-Zdrój (1)";9509;4502;5007;1500;779;721;5421;2916;2505;2588;807;1781;34;" (1)"
"0208041";"Nowa Ruda (1)";21018;10065;10953;3030;1542;1488;11963;6609;5354;6025;1914;4111;37;" (1)"
"0208051";"Polanica-Zdrój (1)";6141;2781;3360;792;403;389;3378;1722;1656;1971;656;1315;17;" (1)"
"0208063";"Bystrzyca Kłodzka (3)";17728;8556;9172;2766;1468;1298;10031;5393;4638;4931;1695;3236;339;" (3)"
"0208072";"Kłodzko (2)";16680;8223;8457;3038;1538;1500;9909;5423;4486;3733;1262;2471;252;" (2)"
"0208083";"Lądek-Zdrój (3)";7689;3667;4022;1116;598;518;4354;2303;2051;2219;766;1453;117;" (3)"
"0208092";"Lewin Kłodzki (2)";1962;956;1006;376;180;196;1156;624;532;430;152;278;52;" (2)"
"0208103";"Międzylesie (3)";6859;3438;3421;1223;647;576;3968;2214;1754;1668;577;1091;189;" (3)"
"0208112";"Nowa Ruda (2)";10833;5337;5496;1855;968;887;6393;3511;2882;2585;858;1727;140;" (2)"
"0208123";"Radków (3)";8573;4267;4306;1492;797;695;5038;2776;2262;2043;694;1349;140;" (3)"
"0208133";"Stronie Śląskie (3)";6918;3290;3628;1029;539;490;4018;2160;1858;1871;591;1280;146;" (3)"
"0208143";"Szczytna (3)";6985;3379;3606;1187;604;583;4039;2189;1850;1759;586;1173;132;" (3)"
"0209011";"Chojnów (1)";12619;5981;6638;2020;1015;1005;7303;3894;3409;3296;1072;2224;5;" (1)"
"0209022";"Chojnów (2)";9536;4796;4740;1856;973;883;5710;3118;2592;1970;705;1265;231;" (2)"
"0209032";"Krotoszyce (2)";3318;1654;1664;667;334;333;2010;1094;916;641;226;415;67;" (2)"
"0209042";"Kunice (2)";7514;3728;3786;1617;815;802;4526;2414;2112;1371;499;872;93;" (2)"
"0209052";"Legnickie Pole (2)";5272;2508;2764;1004;517;487;3075;1623;1452;1193;368;825;85;" (2)"
"0209062";"Miłkowice (2)";7121;3507;3614;1474;757;717;4228;2263;1965;1419;487;932;87;" (2)"
"0209073";"Prochowice (3)";7258;3569;3689;1391;720;671;4259;2302;1957;1608;547;1061;103;" (3)"
"0209082";"Ruja (2)";2445;1231;1214;453;238;215;1423;811;612;569;182;387;73;" (2)"
"0210011";"Lubań (1)";19964;9366;10598;2956;1466;1490;11361;6077;5284;5647;1823;3824;16;" (1)"
"0210021";"Świeradów-Zdrój (1)";4080;1905;2175;640;326;314;2324;1239;1085;1116;340;776;21;" (1)"
"0210033";"Leśna (3)";9456;4667;4789;1579;811;768;5600;3089;2511;2277;767;1510;105;" (3)"
"0210042";"Lubań (2)";6527;3233;3294;1267;643;624;4017;2153;1864;1243;437;806;142;" (2)"
"0210053";"Olszyna (3)";6360;3168;3192;1091;583;508;3770;2062;1708;1499;523;976;47;" (3)"
"0210062";"Platerówka (2)";1537;775;762;295;168;127;924;488;436;318;119;199;48;" (2)"
"0210072";"Siekierczyn (2)";4448;2222;2226;808;429;379;2721;1499;1222;919;294;625;49;" (2)"
"0211011";"Lubin (1)";69267;32725;36542;11653;5919;5734;38390;20091;18299;19224;6715;12509;41;" (1)"
"0211022";"Lubin (2)";17722;8881;8841;3945;2036;1909;10859;5801;5058;2918;1044;1874;290;" (2)"
"0211032";"Rudna (2)";7437;3678;3759;1529;764;765;4472;2420;2052;1436;494;942;217;" (2)"
"0211043";"Ścinawa (3)";9501;4700;4801;1680;848;832;5561;3108;2453;2260;744;1516;164;" (3)"
"0212013";"Gryfów Śląski (3)";9306;4393;4913;1416;693;723;5553;2954;2599;2337;746;1591;67;" (3)"
"0212023";"Lubomierz (3)";5657;2828;2829;1016;519;497;3415;1886;1529;1226;423;803;130;" (3)"
"0212033";"Lwówek Śląski (3)";16354;7996;8358;2779;1437;1342;9495;5176;4319;4080;1383;2697;240;" (3)"
"0212043";"Mirsk (3)";8192;4008;4184;1304;671;633;4845;2631;2214;2043;706;1337;187;" (3)"
"0212053";"Wleń (3)";3964;1963;2001;588;285;303;2356;1313;1043;1020;365;655;86;" (3)"
"0213012";"Cieszków (2)";4581;2281;2300;951;472;479;2668;1459;1209;962;350;612;101;" (2)"
"0213022";"Krośnice (2)";8016;4017;3999;1610;832;778;4710;2579;2131;1696;606;1090;178;" (2)"
"0213033";"Milicz (3)";23436;11477;11959;4582;2340;2242;13289;7202;6087;5565;1935;3630;436;" (3)"
"0214011";"Oleśnica (1)";35640;16947;18693;6262;3228;3034;20532;10821;9711;8846;2898;5948;21;" (1)"
"0214023";"Bierutów (3)";9465;4608;4857;1658;850;808;5665;3041;2624;2142;717;1425;147;" (3)"
"0214032";"Dobroszyce (2)";7089;3543;3546;1542;785;757;4210;2272;1938;1337;486;851;132;" (2)"
"0214042";"Dziadowa Kłoda (2)";4555;2266;2289;1022;506;516;2685;1462;1223;848;298;550;106;" (2)"
"0214053";"Międzybórz (3)";5061;2504;2557;1015;542;473;3030;1622;1408;1016;340;676;88;" (3)"
"0214062";"Oleśnica (2)";15513;7877;7636;3502;1801;1701;9609;5194;4415;2402;882;1520;242;" (2)"
"0214073";"Syców (3)";16490;8019;8471;3135;1595;1540;9739;5176;4563;3616;1248;2368;145;" (3)"
"0214083";"Twardogóra (3)";12596;6233;6363;2289;1179;1110;7580;4090;3490;2727;964;1763;168;" (3)"
"0215011";"Oława (1)";33201;15845;17356;6045;3134;2911;19045;9931;9114;8111;2780;5331;27;" (1)"
"0215022";"Domaniów (2)";4962;2482;2480;936;487;449;3039;1674;1365;987;321;666;94;" (2)"
"0215033";"Jelcz-Laskowice (3)";23636;11614;12022;4522;2311;2211;13770;7384;6386;5344;1919;3425;168;" (3)"
"0215042";"Oława (2)";15542;7701;7841;3212;1636;1576;9478;5097;4381;2852;968;1884;235;" (2)"
"0216013";"Chocianów (3)";12503;6145;6358;2406;1242;1164;7439;3991;3448;2658;912;1746;222;" (3)"
"0216022";"Gaworzyce (2)";3796;1879;1917;771;388;383;2286;1229;1057;739;262;477;77;" (2)"
"0216032";"Grębocice (2)";5263;2674;2589;1080;567;513;3201;1763;1438;982;344;638;121;" (2)"
"0216043";"Polkowice (3)";26910;13173;13737;5427;2787;2640;16259;8570;7689;5224;1816;3408;168;" (3)"
"0216053";"Przemków (3)";7932;3918;4014;1434;758;676;4802;2625;2177;1696;535;1161;107;" (3)"
"0216062";"Radwanice (2)";4905;2460;2445;1081;563;518;2886;1558;1328;938;339;599;84;" (2)"
"0217012";"Borów (2)";5079;2543;2536;917;489;428;3126;1709;1417;1036;345;691;99;" (2)"
"0217022";"Kondratowice (2)";4046;2062;1984;704;393;311;2409;1340;1069;933;329;604;98;" (2)"
"0217032";"Przeworno (2)";4580;2297;2283;828;420;408;2628;1472;1156;1124;405;719;112;" (2)"
"0217043";"Strzelin (3)";21545;10448;11097;3812;1952;1860;12579;6762;5817;5154;1734;3420;171;" (3)"
"0217053";"Wiązów (3)";6989;3477;3512;1342;708;634;4160;2266;1894;1487;503;984;142;" (3)"
"0218012";"Kostomłoty (2)";7229;3573;3656;1370;678;692;4429;2416;2013;1430;479;951;145;" (2)"
"0218022";"Malczyce (2)";5714;2871;2843;1013;552;461;3477;1892;1585;1224;427;797;53;" (2)"
"0218032";"Miękinia (2)";20313;10107;10206;5010;2635;2375;12323;6461;5862;2980;1011;1969;179;" (2)"
"0218043";"Środa Śląska (3)";19813;9662;10151;3674;1876;1798;11812;6339;5473;4327;1447;2880;216;" (3)"
"0218052";"Udanin (2)";4909;2454;2455;811;407;404;2964;1672;1292;1134;375;759;111;" (2)"
"0219011";"Świdnica (1)";54192;25499;28693;8214;4203;4011;30719;16300;14419;15259;4996;10263;22;" (1)"
"0219021";"Świebodzice (1)";22110;10504;11606;3558;1873;1685;12802;6794;6008;5750;1837;3913;30;" (1)"
"0219032";"Dobromierz (2)";4978;2503;2475;886;454;432;3003;1654;1349;1089;395;694;86;" (2)"
"0219043";"Jaworzyna Śląska (3)";10244;5011;5233;1932;990;942;6105;3293;2812;2207;728;1479;67;" (3)"
"0219052";"Marcinowice (2)";6298;3124;3174;1145;586;559;3859;2107;1752;1294;431;863;95;" (2)"
"0219063";"Strzegom (3)";24577;11928;12649;4105;2110;1995;14442;7831;6611;6030;1987;4043;145;" (3)"
"0219072";"Świdnica (2)";17806;8807;8999;3577;1843;1734;10718;5750;4968;3511;1214;2297;208;" (2)"
"0219083";"Żarów (3)";12238;6026;6212;2262;1162;1100;7193;3920;3273;2783;944;1839;88;" (3)"
"0220013";"Oborniki Śląskie (3)";20884;10253;10631;3943;2044;1899;12123;6462;5661;4818;1747;3071;154;" (3)"
"0220023";"Prusice (3)";9320;4673;4647;1854;952;902;5646;3090;2556;1820;631;1189;158;" (3)"
"0220033";"Trzebnica (3)";25000;12099;12901;5050;2586;2464;14765;7750;7015;5185;1763;3422;200;" (3)"
"0220042";"Wisznia Mała (2)";11669;5774;5895;2475;1298;1177;7036;3694;3342;2158;782;1376;103;" (2)"
"0220052";"Zawonia (2)";5826;2953;2873;1145;598;547;3520;1925;1595;1161;430;731;118;" (2)"
"0220063";"Żmigród (3)";14281;7043;7238;2656;1345;1311;8504;4625;3879;3121;1073;2048;292;" (3)"
"0221011";"Boguszów-Gorce (1)";14535;6939;7596;2184;1124;1060;8673;4714;3959;3678;1101;2577;27;" (1)"
"0221021";"Jedlina-Zdrój (1)";4766;2249;2517;792;407;385;2735;1452;1283;1239;390;849;17;" (1)"
"0221031";"Szczawno-Zdrój (1)";5257;2450;2807;746;371;375;2916;1569;1347;1595;510;1085;15;" (1)"
"0221042";"Czarny Bór (2)";4804;2349;2455;944;470;474;2857;1536;1321;1003;343;660;66;" (2)"
"0221053";"Głuszyca (3)";8204;3892;4312;1234;591;643;4891;2631;2260;2079;670;1409;62;" (3)"
"0221063";"Mieroszów (3)";6361;3092;3269;998;553;445;3751;2000;1751;1612;539;1073;76;" (3)"
"0221072";"Stare Bogaczowice (2)";4266;2113;2153;781;405;376;2523;1372;1151;962;336;626;88;" (2)"
"0221082";"Walim (2)";5341;2605;2736;890;458;432;3136;1680;1456;1315;467;848;79;" (2)"
"0222013";"Brzeg Dolny (3)";16280;7836;8444;2896;1510;1386;9539;5047;4492;3845;1279;2566;94;" (3)"
"0222022";"Wińsko (2)";8005;3924;4081;1432;709;723;4757;2585;2172;1816;630;1186;250;" (2)"
"0222033";"Wołów (3)";21759;10695;11064;3837;1955;1882;12918;7083;5835;5004;1657;3347;331;" (3)"
"0223012";"Czernica (2)";22031;10880;11151;5709;2918;2791;13307;6873;6434;3015;1089;1926;84;" (2)"
"0223022";"Długołęka (2)";41872;20664;21208;10794;5480;5314;25452;13101;12351;5626;2083;3543;213;" (2)"
"0223032";"Jordanów Śląski (2)";3261;1615;1646;675;338;337;1975;1081;894;611;196;415;57;" (2)"
"0223043";"Kąty Wrocławskie (3)";29193;14415;14778;6866;3520;3346;17763;9315;8448;4564;1580;2984;177;" (3)"
"0223052";"Kobierzyce (2)";24053;11659;12394;6188;3122;3066;14566;7421;7145;3299;1116;2183;149;" (2)"
"0223062";"Mietków (2)";3870;1923;1947;780;401;379;2235;1220;1015;855;302;553;83;" (2)"
"0223073";"Sobótka (3)";12968;6343;6625;2481;1304;1177;7499;4033;3466;2988;1006;1982;136;" (3)"
"0223083";"Siechnice (3)";28553;13899;14654;7225;3683;3542;17272;8874;8398;4056;1342;2714;99;" (3)"
"0223092";"Żórawina (2)";13056;6440;6616;3161;1627;1534;7939;4174;3765;1956;639;1317;120;" (2)"
"0224013";"Bardo (3)";5131;2529;2602;817;425;392;3027;1664;1363;1287;440;847;73;" (3)"
"0224022";"Ciepłowody (2)";2987;1494;1493;568;295;273;1763;990;773;656;209;447;77;" (2)"
"0224033";"Kamieniec Ząbkowicki (3)";7600;3714;3886;1256;641;615;4518;2459;2059;1826;614;1212;97;" (3)"
"0224042";"Stoszowice (2)";5224;2544;2680;903;432;471;3130;1691;1439;1191;421;770;112;" (2)"
"0224053";"Ząbkowice Śląskie (3)";20890;9973;10917;3190;1641;1549;12191;6483;5708;5509;1849;3660;146;" (3)"
"0224063";"Ziębice (3)";15856;7729;8127;2476;1301;1175;9195;4991;4204;4185;1437;2748;222;" (3)"
"0224073";"Złoty Stok (3)";4158;2031;2127;593;298;295;2471;1360;1111;1094;373;721;75;" (3)"
"0225011";"Zawidów (1)";3883;1823;2060;622;288;334;2346;1252;1094;915;283;632;6;" (1)"
"0225021";"Zgorzelec (1)";29542;13891;15651;4080;2080;2000;16934;8997;7937;8528;2814;5714;16;" (1)"
"0225033";"Bogatynia (3)";21834;10706;11128;3665;1888;1777;13336;7290;6046;4833;1528;3305;136;" (3)"
"0225043";"Pieńsk (3)";8827;4333;4494;1550;788;762;5357;2904;2453;1920;641;1279;111;" (3)"
"0225052";"Sulików (2)";5892;2948;2944;1109;548;561;3550;1979;1571;1233;421;812;95;" (2)"
"0225063";"Węgliniec (3)";7958;3930;4028;1288;654;634;4762;2650;2112;1908;626;1282;338;" (3)"
"0225072";"Zgorzelec (2)";8704;4362;4342;1650;844;806;5371;2902;2469;1683;616;1067;137;" (2)"
"0226011";"Wojcieszów (1)";3512;1702;1810;644;325;319;2021;1096;925;847;281;566;32;" (1)"
"0226021";"Złotoryja (1)";14488;6839;7649;2222;1144;1078;8261;4345;3916;4005;1350;2655;12;" (1)"
"0226032";"Pielgrzymka (2)";4297;2181;2116;785;415;370;2629;1448;1181;883;318;565;105;" (2)"
"0226043";"Świerzawa (3)";7132;3593;3539;1187;642;545;4281;2340;1941;1664;611;1053;160;" (3)"
"0226052";"Zagrodno (2)";4887;2448;2439;837;399;438;2946;1675;1271;1104;374;730;122;" (2)"
"0226062";"Złotoryja (2)";6961;3440;3521;1369;691;678;4187;2254;1933;1405;495;910;145;" (2)"
"0261011";"Jelenia Góra (1)";76570;35597;40973;10867;5530;5337;42740;22587;20153;22963;7480;15483;109;" (1)"
"0262011";"Legnica (1)";93988;44269;49719;15208;7834;7374;54232;28543;25689;24548;7892;16656;56;" (1)"
"0264011";"Wrocław (1)";674312;317082;357230;105942;54279;51663;413923;211897;202026;154447;50906;103541;293;" (1)"
"0265011";"Wałbrzych od 2013 (1)";103263;48534;54729;14742;7607;7135;58492;31382;27110;30029;9545;20484;85;" (1)"
"0401011";"Aleksandrów Kujawski (1)";11627;5506;6121;2083;1067;1016;6674;3556;3118;2870;883;1987;7;" (1)"
"0401021";"Ciechocinek (1)";10349;4718;5631;1483;802;681;5381;2786;2595;3485;1130;2355;15;" (1)"
"0401031";"Nieszawa (1)";1762;853;909;293;144;149;1054;565;489;415;144;271;10;" (1)"
"0401042";"Aleksandrów Kujawski (2)";11954;5948;6006;2513;1313;1200;7314;3899;3415;2127;736;1391;131;" (2)"
"0401052";"Bądkowo (2)";4114;2066;2048;779;424;355;2431;1330;1101;904;312;592;80;" (2)"
"0401062";"Koneck (2)";3147;1600;1547;549;283;266;1911;1060;851;687;257;430;68;" (2)"
"0401072";"Raciążek (2)";3202;1647;1555;581;316;265;1884;1065;819;737;266;471;33;" (2)"
"0401082";"Waganiec (2)";4446;2207;2239;867;439;428;2718;1495;1223;861;273;588;55;" (2)"
"0401092";"Zakrzewo (2)";3402;1717;1685;636;329;307;2010;1113;897;756;275;481;76;" (2)"
"0402011";"Brodnica (1)";28715;13796;14919;5508;2834;2674;16937;8887;8050;6270;2075;4195;23;" (1)"
"0402022";"Bobrowo (2)";6063;3095;2968;1220;626;594;3639;2036;1603;1204;433;771;145;" (2)"
"0402032";"Brodnica (2)";9187;4640;4547;2279;1169;1110;5701;3033;2668;1207;438;769;127;" (2)"
"0402042";"Brzozie (2)";3697;1897;1800;833;433;400;2180;1208;972;684;256;428;94;" (2)"
"0402053";"Górzno (3)";3781;1920;1861;823;427;396;2223;1234;989;735;259;476;120;" (3)"
"0402062";"Bartniczka (2)";4614;2369;2245;1039;569;470;2781;1538;1243;794;262;532;83;" (2)"
"0402073";"Jabłonowo Pomorskie (3)";8487;4194;4293;1614;819;795;5063;2761;2302;1810;614;1196;135;" (3)"
"0402082";"Osiek (2)";3822;1951;1871;814;433;381;2294;1243;1051;714;275;439;75;" (2)"
"0402092";"Świedziebnia (2)";4955;2504;2451;1083;563;520;2943;1626;1317;929;315;614;104;" (2)"
"0402102";"Zbiczno (2)";4852;2445;2407;1053;536;517;2823;1555;1268;976;354;622;134;" (2)"
"0403012";"Białe Błota (2)";25012;12362;12650;6047;3115;2932;15429;8008;7421;3536;1239;2297;122;" (2)"
"0403022";"Dąbrowa Chełmińska (2)";8509;4286;4223;1796;957;839;5206;2802;2404;1507;527;980;125;" (2)"
"0403032";"Dobrcz (2)";12340;6132;6208;2773;1432;1341;7452;3954;3498;2115;746;1369;130;" (2)"
"0403043";"Koronowo (3)";23516;11727;11789;4623;2358;2265;14066;7653;6413;4827;1716;3111;412;" (3)"
"0403052";"Nowa Wieś Wielka (2)";10221;5024;5197;2032;1042;990;6299;3308;2991;1890;674;1216;148;" (2)"
"0403062";"Osielsko (2)";17055;8437;8618;4098;2122;1976;10449;5399;5050;2508;916;1592;102;" (2)"
"0403072";"Sicienko (2)";10618;5386;5232;2367;1239;1128;6453;3493;2960;1798;654;1144;180;" (2)"
"0403083";"Solec Kujawski (3)";16562;8056;8506;3136;1613;1523;9953;5308;4645;3473;1135;2338;175;" (3)"
"0404011";"Chełmno (1)";18617;8809;9808;3073;1553;1520;10951;5780;5171;4593;1476;3117;14;" (1)"
"0404022";"Chełmno (2)";6017;3003;3014;1343;668;675;3737;2015;1722;937;320;617;114;" (2)"
"0404032";"Kijewo Królewskie (2)";4333;2182;2151;912;467;445;2620;1429;1191;801;286;515;72;" (2)"
"0404042";"Lisewo (2)";4979;2509;2470;970;523;447;3000;1630;1370;1009;356;653;86;" (2)"
"0404052";"Papowo Biskupie (2)";4053;2043;2010;825;437;388;2433;1310;1123;795;296;499;70;" (2)"
"0404062";"Stolno (2)";5169;2603;2566;1086;583;503;3137;1659;1478;946;361;585;98;" (2)"
"0404072";"Unisław (2)";6732;3258;3474;1352;683;669;4042;2137;1905;1338;438;900;73;" (2)"
"0405011";"Golub-Dobrzyń (1)";11577;5516;6061;2070;1036;1034;6831;3609;3222;2676;871;1805;8;" (1)"
"0405022";"Ciechocin (2)";3889;1971;1918;736;396;340;2386;1282;1104;767;293;474;101;" (2)"
"0405032";"Golub-Dobrzyń (2)";8859;4440;4419;1875;937;938;5387;2936;2451;1597;567;1030;198;" (2)"
"0405043";"Kowalewo Pomorskie (3)";11211;5539;5672;2196;1137;1059;6700;3594;3106;2315;808;1507;141;" (3)"
"0405052";"Radomin (2)";3984;2020;1964;821;415;406;2353;1321;1032;810;284;526;81;" (2)"
"0405062";"Zbójno (2)";4264;2180;2084;885;465;420;2522;1397;1125;857;318;539;84;" (2)"
"0406012";"Grudziądz (2)";13353;6660;6693;3032;1582;1450;8128;4286;3842;2193;792;1401;165;" (2)"
"0406022";"Gruta (2)";6099;3054;3045;1225;617;608;3602;1990;1612;1272;447;825;124;" (2)"
"0406033";"Łasin (3)";7499;3725;3774;1548;789;759;4367;2388;1979;1584;548;1036;137;" (3)"
"0406043";"Radzyń Chełmiński (3)";4485;2216;2269;899;456;443;2734;1473;1261;852;287;565;91;" (3)"
"0406052";"Rogóźno (2)";4018;2043;1975;887;445;442;2399;1332;1067;732;266;466;116;" (2)"
"0406062";"Świecie nad Osą (2)";3815;1943;1872;753;407;346;2342;1277;1065;720;259;461;95;" (2)"
"0407011";"Inowrocław (1)";68906;32367;36539;10839;5468;5371;39864;21110;18754;18203;5789;12414;30;" (1)"
"0407022";"Dąbrowa Biskupia (2)";4936;2442;2494;982;499;483;2923;1586;1337;1031;357;674;147;" (2)"
"0407033";"Gniewkowo (3)";13800;6832;6968;2532;1306;1226;8291;4516;3775;2977;1010;1967;180;" (3)"
"0407042";"Inowrocław (2)";12007;5988;6019;2370;1211;1159;7346;3947;3399;2291;830;1461;172;" (2)"
"0407053";"Janikowo (3)";12584;6145;6439;2190;1108;1082;7673;4164;3509;2721;873;1848;92;" (3)"
"0407063";"Kruszwica (3)";18161;8882;9279;3176;1571;1605;10799;5870;4929;4186;1441;2745;262;" (3)"
"0407073";"Pakość (3)";9284;4535;4749;1720;913;807;5536;2922;2614;2028;700;1328;86;" (3)"
"0407082";"Rojewo (2)";4489;2260;2229;909;475;434;2714;1475;1239;866;310;556;120;" (2)"
"0407092";"Złotniki Kujawskie (2)";8862;4449;4413;1697;890;807;5433;2966;2467;1732;593;1139;136;" (2)"
"0408011";"Lipno (1)";13621;6514;7107;2481;1294;1187;8067;4291;3776;3073;929;2144;11;" (1)"
"0408022";"Bobrowniki (2)";3019;1529;1490;611;314;297;1883;1046;837;525;169;356;96;" (2)"
"0408032";"Chrostkowo (2)";2828;1431;1397;579;304;275;1662;926;736;587;201;386;74;" (2)"
"0408043";"Dobrzyń nad Wisłą (3)";7254;3636;3618;1361;679;682;4373;2405;1968;1520;552;968;115;" (3)"
"0408052";"Kikół (2)";6740;3421;3319;1357;707;650;4070;2249;1821;1313;465;848;98;" (2)"
"0408062";"Lipno (2)";11574;5821;5753;2412;1233;1179;7147;3875;3272;2015;713;1302;210;" (2)"
"0408073";"Skępe (3)";7164;3557;3607;1375;718;657;4259;2326;1933;1530;513;1017;179;" (3)"
"0408082";"Tłuchowo (2)";4459;2221;2238;937;456;481;2684;1476;1208;838;289;549;99;" (2)"
"0408092";"Wielgie (2)";6755;3382;3373;1442;777;665;4069;2194;1875;1244;411;833;134;" (2)"
"0409012";"Dąbrowa (2)";4398;2202;2196;868;423;445;2655;1469;1186;875;310;565;110;" (2)"
"0409022";"Jeziora Wielkie (2)";4599;2221;2378;857;441;416;2687;1432;1255;1055;348;707;124;" (2)"
"0409033";"Mogilno (3)";24031;11786;12245;4540;2339;2201;14093;7585;6508;5398;1862;3536;256;" (3)"
"0409043";"Strzelno (3)";11034;5370;5664;2043;1050;993;6465;3486;2979;2526;834;1692;185;" (3)"
"0410013";"Kcynia (3)";12398;6232;6166;2379;1228;1151;7345;4045;3300;2674;959;1715;297;" (3)"
"0410023";"Mrocza (3)";8923;4519;4404;1847;958;889;5438;2993;2445;1638;568;1070;150;" (3)"
"0410033";"Nakło nad Notecią (3)";30260;14724;15536;5705;2988;2717;17866;9513;8353;6689;2223;4466;187;" (3)"
"0410042";"Sadki (2)";6918;3485;3433;1466;744;722;4179;2291;1888;1273;450;823;154;" (2)"
"0410053";"Szubin (3)";24913;12323;12590;5235;2702;2533;14900;7994;6906;4778;1627;3151;332;" (3)"
"0411011";"Radziejów (1)";5198;2475;2723;794;377;417;2990;1620;1370;1414;478;936;6;" (1)"
"0411022";"Bytoń (2)";3381;1664;1717;630;313;317;1979;1082;897;772;269;503;73;" (2)"
"0411032";"Dobre (2)";5022;2486;2536;825;429;396;2965;1638;1327;1232;419;813;71;" (2)"
"0411042";"Osięciny (2)";7370;3630;3740;1298;674;624;4403;2387;2016;1669;569;1100;122;" (2)"
"0411053";"Piotrków Kujawski (3)";8802;4363;4439;1574;830;744;5241;2852;2389;1987;681;1306;139;" (3)"
"0411062";"Radziejów (2)";4294;2112;2182;835;435;400;2517;1347;1170;942;330;612;93;" (2)"
"0411072";"Topólka (2)";4566;2351;2215;789;424;365;2739;1537;1202;1038;390;648;103;" (2)"
"0412011";"Rypin (1)";15697;7492;8205;2904;1553;1351;9053;4721;4332;3740;1218;2522;10;" (1)"
"0412022";"Brzuze (2)";4928;2520;2408;945;518;427;2854;1596;1258;1129;406;723;87;" (2)"
"0412032";"Rogowo (2)";4632;2318;2314;958;465;493;2715;1528;1187;959;325;634;141;" (2)"
"0412042";"Rypin (2)";7246;3667;3579;1555;760;795;4372;2437;1935;1319;470;849;132;" (2)"
"0412052";"Skrwilno (2)";5468;2715;2753;1018;524;494;3241;1776;1465;1209;415;794;123;" (2)"
"0412062";"Wąpielsk (2)";3715;1831;1884;694;340;354;2223;1236;987;798;255;543;93;" (2)"
"0413013";"Kamień Krajeński (3)";6644;3318;3326;1398;722;676;3945;2157;1788;1301;439;862;163;" (3)"
"0413023";"Sępólno Krajeńskie (3)";15213;7433;7780;2960;1499;1461;8943;4768;4175;3310;1166;2144;229;" (3)"
"0413032";"Sośno (2)";4619;2373;2246;970;503;467;2755;1547;1208;894;323;571;163;" (2)"
"0413043";"Więcbork (3)";12989;6517;6472;2594;1353;1241;7594;4153;3441;2801;1011;1790;236;" (3)"
"0414012";"Bukowiec (2)";4946;2501;2445;1065;555;510;2890;1574;1316;991;372;619;111;" (2)"
"0414022";"Dragacz (2)";6915;3447;3468;1405;749;656;4104;2197;1907;1406;501;905;112;" (2)"
"0414032";"Drzycim (2)";4812;2496;2316;1018;557;461;2912;1620;1292;882;319;563;108;" (2)"
"0414042";"Jeżewo (2)";7762;3892;3870;1630;854;776;4610;2518;2092;1522;520;1002;156;" (2)"
"0414052";"Lniano (2)";4126;2040;2086;910;467;443;2423;1293;1130;793;280;513;88;" (2)"
"0414063";"Nowe (3)";9771;4790;4981;1801;921;880;5791;3121;2670;2179;748;1431;107;" (3)"
"0414072";"Osie (2)";5469;2728;2741;1091;546;545;3285;1787;1498;1093;395;698;209;" (2)"
"0414082";"Pruszcz (2)";9281;4614;4667;1874;974;900;5495;2968;2527;1912;672;1240;143;" (2)"
"0414093";"Świecie (3)";33135;15841;17294;6178;3090;3088;19371;10162;9209;7586;2589;4997;175;" (3)"
"0414102";"Świekatowo (2)";3502;1773;1729;670;340;330;2179;1205;974;653;228;425;64;" (2)"
"0414112";"Warlubie (2)";6195;3083;3112;1303;667;636;3680;1997;1683;1212;419;793;201;" (2)"
"0415011";"Chełmża (1)";13906;6720;7186;2500;1299;1201;8422;4487;3935;2984;934;2050;7;" (1)"
"0415022";"Chełmża (2)";9600;4798;4802;1986;1030;956;5733;3090;2643;1881;678;1203;180;" (2)"
"0415032";"Czernikowo (2)";8966;4419;4547;1974;1002;972;5441;2895;2546;1551;522;1029;170;" (2)"
"0415042";"Lubicz (2)";21066;10391;10675;4708;2453;2255;12882;6740;6142;3476;1198;2278;106;" (2)"
"0415052";"Łubianka (2)";7769;3897;3872;1875;960;915;4744;2538;2206;1150;399;751;84;" (2)"
"0415062";"Łysomice (2)";10710;5328;5382;2504;1282;1222;6454;3413;3041;1752;633;1119;127;" (2)"
"0415072";"Obrowo (2)";19657;9771;9886;4965;2551;2414;12063;6265;5798;2629;955;1674;162;" (2)"
"0415082";"Wielka Nieszawka (2)";5158;2555;2603;1144;612;532;3056;1619;1437;958;324;634;216;" (2)"
"0415092";"Zławieś Wielka (2)";15724;7823;7901;3707;1915;1792;9584;5031;4553;2433;877;1556;178;" (2)"
"0416012";"Cekcyn (2)";6745;3340;3405;1469;740;729;3942;2127;1815;1334;473;861;252;" (2)"
"0416022";"Gostycyn (2)";4965;2477;2488;1024;513;511;2937;1611;1326;1004;353;651;136;" (2)"
"0416032";"Kęsowo (2)";4203;2152;2051;908;479;429;2492;1388;1104;803;285;518;109;" (2)"
"0416042";"Lubiewo (2)";5794;2989;2805;1274;690;584;3384;1878;1506;1136;421;715;163;" (2)"
"0416052";"Śliwice (2)";5568;2836;2732;1154;621;533;3371;1844;1527;1043;371;672;175;" (2)"
"0416063";"Tuchola (3)";19932;9770;10162;3942;2083;1859;11494;6121;5373;4496;1566;2930;240;" (3)"
"0417011";"Wąbrzeźno (1)";13220;6344;6876;2270;1162;1108;7786;4159;3627;3164;1023;2141;9;" (1)"
"0417022";"Dębowa Łąka (2)";2982;1516;1466;615;327;288;1815;987;828;552;202;350;86;" (2)"
"0417032";"Książki (2)";3884;1930;1954;750;364;386;2260;1242;1018;874;324;550;86;" (2)"
"0417042";"Płużnica (2)";4565;2313;2252;911;460;451;2703;1506;1197;951;347;604;120;" (2)"
"0417052";"Ryńsk (2)";8378;4246;4132;1718;875;843;5088;2777;2311;1572;594;978;201;" (2)"
"0418011";"Kowal (1)";3365;1662;1703;542;299;243;2045;1110;935;778;253;525;5;" (1)"
"0418022";"Baruchowo (2)";3336;1683;1653;611;309;302;2000;1116;884;725;258;467;107;" (2)"
"0418032";"Boniewo (2)";3221;1618;1603;583;304;279;1917;1061;856;721;253;468;78;" (2)"
"0418043";"Brześć Kujawski (3)";11042;5407;5635;2031;1011;1020;6677;3611;3066;2334;785;1549;151;" (3)"
"0418052";"Choceń (2)";7736;3894;3842;1445;773;672;4597;2507;2090;1694;614;1080;100;" (2)"
"0418063";"Chodecz (3)";5586;2772;2814;948;510;438;3288;1801;1487;1350;461;889;122;" (3)"
"0418072";"Fabianki (2)";10157;5054;5103;2044;1061;983;6262;3357;2905;1851;636;1215;76;" (2)"
"0418083";"Izbica Kujawska (3)";7307;3553;3754;1413;691;722;4334;2312;2022;1560;550;1010;132;" (3)"
"0418092";"Kowal (2)";3871;1970;1901;700;373;327;2326;1288;1038;845;309;536;115;" (2)"
"0418102";"Lubanie (2)";4364;2162;2202;796;397;399;2622;1441;1181;946;324;622;69;" (2)"
"0418113";"Lubień Kujawski (3)";6910;3396;3514;1235;610;625;4080;2244;1836;1595;542;1053;151;" (3)"
"0418123";"Lubraniec (3)";8844;4302;4542;1518;753;765;5108;2795;2313;2218;754;1464;148;" (3)"
"0418132";"Włocławek (2)";7307;3681;3626;1431;748;683;4453;2425;2028;1423;508;915;219;" (2)"
"0419013";"Barcin (3)";14372;7009;7363;2666;1325;1341;8475;4570;3905;3231;1114;2117;121;" (3)"
"0419022";"Gąsawa (2)";5022;2510;2512;964;509;455;2935;1599;1336;1123;402;721;136;" (2)"
"0419033";"Janowiec Wielkopolski (3)";8575;4241;4334;1687;885;802;4837;2641;2196;2051;715;1336;131;" (3)"
"0419043";"Łabiszyn (3)";10543;5246;5297;2170;1090;1080;6369;3451;2918;2004;705;1299;167;" (3)"
"0419052";"Rogowo (2)";6682;3279;3403;1331;665;666;3882;2102;1780;1469;512;957;179;" (2)"
"0419063";"Żnin (3)";23163;11397;11766;4364;2248;2116;13426;7260;6166;5373;1889;3484;251;" (3)"
"0461011";"Bydgoszcz (1)";334026;156229;177797;52542;26957;25585;193044;100088;92956;88440;29184;59256;176;" (1)"
"0462011";"Grudziądz (1)";90275;42761;47514;15282;7865;7417;52040;27505;24535;22953;7391;15562;58;" (1)"
"0463011";"Toruń (1)";197112;91701;105411;32322;16405;15917;115879;59348;56531;48911;15948;32963;116;" (1)"
"0464011";"Włocławek (1)";103535;48356;55179;15942;8106;7836;59276;31209;28067;28317;9041;19276;85;" (1)"
"0601011";"Międzyrzec Podlaski (1)";15685;7619;8066;2845;1498;1347;9166;4962;4204;3674;1159;2515;20;" (1)"
"0601021";"Terespol (1)";5254;2531;2723;900;450;450;3144;1697;1447;1210;384;826;10;" (1)"
"0601032";"Biała Podlaska (2)";15155;7664;7491;3481;1793;1688;9293;5055;4238;2381;816;1565;325;" (2)"
"0601042";"Drelów (2)";5116;2606;2510;1050;574;476;3012;1680;1332;1054;352;702;228;" (2)"
"0601052";"Janów Podlaski (2)";4985;2550;2435;997;536;461;2854;1617;1237;1134;397;737;136;" (2)"
"0601062";"Kodeń (2)";3342;1670;1672;566;289;277;1924;1102;822;852;279;573;151;" (2)"
"0601072";"Konstantynów (2)";3866;1918;1948;808;412;396;2266;1228;1038;792;278;514;87;" (2)"
"0601082";"Leśna Podlaska (2)";4049;2020;2029;822;413;409;2398;1331;1067;829;276;553;98;" (2)"
"0601092";"Łomazy (2)";4666;2332;2334;830;427;403;2726;1522;1204;1110;383;727;199;" (2)"
"0601102";"Międzyrzec Podlaski (2)";10224;5203;5021;2259;1205;1054;6211;3382;2829;1754;616;1138;261;" (2)"
"0601112";"Piszczac (2)";6799;3333;3466;1321;633;688;4055;2226;1829;1423;474;949;170;" (2)"
"0601122";"Rokitno (2)";2771;1426;1345;542;277;265;1613;942;671;616;207;409;141;" (2)"
"0601132";"Rossosz (2)";2104;1053;1051;380;196;184;1246;691;555;478;166;312;76;" (2)"
"0601142";"Sławatycze (2)";2301;1151;1150;441;224;217;1297;723;574;563;204;359;72;" (2)"
"0601152";"Sosnówka (2)";2203;1128;1075;389;206;183;1188;700;488;626;222;404;148;" (2)"
"0601162";"Terespol (2)";6173;3108;3065;1109;580;529;3668;2036;1632;1396;492;904;142;" (2)"
"0601172";"Tuczna (2)";2815;1394;1421;474;236;238;1585;894;691;756;264;492;170;" (2)"
"0601182";"Wisznice (2)";4565;2240;2325;833;421;412;2623;1455;1168;1109;364;745;173;" (2)"
"0601192";"Zalesie (2)";4121;2126;1995;819;426;393;2476;1421;1055;826;279;547;147;" (2)"
"0602011";"Biłgoraj (1)";25268;11947;13321;4511;2341;2170;14439;7550;6889;6318;2056;4262;21;" (1)"
"0602022";"Aleksandrów (2)";3204;1618;1586;664;363;301;1998;1063;935;542;192;350;54;" (2)"
"0602032";"Biłgoraj (2)";13621;6849;6772;2831;1482;1349;8314;4559;3755;2476;808;1668;263;" (2)"
"0602042";"Biszcza (2)";3732;1880;1852;695;395;300;2200;1201;999;837;284;553;106;" (2)"
"0602053";"Frampol (3)";5750;2855;2895;998;484;514;3326;1879;1447;1426;492;934;108;" (3)"
"0602063";"Goraj (3)";3917;1952;1965;644;299;345;2303;1303;1000;970;350;620;68;" (3)"
"0602073";"Józefów (3)";6490;3180;3310;985;498;487;3986;2177;1809;1519;505;1014;127;" (3)"
"0602082";"Księżpol (2)";6731;3373;3358;1344;691;653;4146;2271;1875;1241;411;830;141;" (2)"
"0602092";"Łukowa (2)";4013;1993;2020;763;398;365;2411;1316;1095;839;279;560;149;" (2)"
"0602102";"Obsza (2)";4069;2056;2013;727;376;351;2462;1352;1110;880;328;552;113;" (2)"
"0602112";"Potok Górny (2)";5130;2587;2543;838;410;428;3150;1794;1356;1142;383;759;111;" (2)"
"0602123";"Tarnogród (3)";6316;3133;3183;1157;590;567;3682;2044;1638;1477;499;978;114;" (3)"
"0602132";"Tereszpol (2)";3850;1936;1914;723;367;356;2345;1320;1025;782;249;533;144;" (2)"
"0602142";"Turobin (2)";5680;2737;2943;821;422;399;3155;1745;1410;1704;570;1134;162;" (2)"
"0603011";"Rejowiec Fabryczny (1)";4051;1989;2062;660;353;307;2420;1316;1104;971;320;651;15;" (1)"
"0603022";"Białopole (2)";2853;1438;1415;500;246;254;1666;934;732;687;258;429;103;" (2)"
"0603032";"Chełm (2)";15054;7471;7583;3127;1596;1531;9162;4902;4260;2765;973;1792;223;" (2)"
"0603042";"Dorohusk (2)";5990;2980;3010;1049;518;531;3559;2026;1533;1382;436;946;192;" (2)"
"0603052";"Dubienka (2)";2120;1048;1072;331;153;178;1214;691;523;575;204;371;96;" (2)"
"0603062";"Kamień (2)";4092;2041;2051;835;409;426;2501;1376;1125;756;256;500;97;" (2)"
"0603072";"Leśniowice (2)";3374;1656;1718;585;290;295;1999;1095;904;790;271;519;118;" (2)"
"0603082";"Rejowiec Fabryczny (2)";4077;1990;2087;741;380;361;2417;1327;1090;919;283;636;88;" (2)"
"0603092";"Ruda-Huta (2)";4192;2111;2081;772;403;369;2494;1394;1100;926;314;612;112;" (2)"
"0603102";"Sawin (2)";5327;2685;2642;994;515;479;3208;1786;1422;1125;384;741;190;" (2)"
"0603113";"Siedliszcze (3)";6541;3227;3314;1255;642;613;3875;2136;1739;1411;449;962;154;" (3)"
"0603122";"Wierzbica (2)";4789;2378;2411;889;463;426;2867;1567;1300;1033;348;685;146;" (2)"
"0603132";"Wojsławice (2)";3502;1764;1738;566;312;254;2051;1165;886;885;287;598;110;" (2)"
"0603142";"Żmudź (2)";2837;1406;1431;503;232;271;1738;966;772;596;208;388;136;" (2)"
"0603153";"Rejowiec (3)";6058;2978;3080;1026;534;492;3643;1984;1659;1389;460;929;106;" (3)"
"0604011";"Hrubieszów (1)";16563;7859;8704;2610;1327;1283;9589;5135;4454;4364;1397;2967;33;" (1)"
"0604022";"Dołhobyczów (2)";4805;2352;2453;737;373;364;2782;1547;1235;1286;432;854;213;" (2)"
"0604032";"Horodło (2)";4914;2441;2473;840;432;408;2842;1577;1265;1232;432;800;130;" (2)"
"0604042";"Hrubieszów (2)";9370;4643;4727;1665;858;807;5618;3090;2528;2087;695;1392;259;" (2)"
"0604052";"Mircze (2)";6372;3153;3219;915;475;440;3670;2058;1612;1787;620;1167;235;" (2)"
"0604062";"Trzeszczany (2)";3825;1887;1938;599;310;289;2190;1230;960;1036;347;689;90;" (2)"
"0604072";"Uchanie (2)";4176;2079;2097;664;319;345;2430;1373;1057;1082;387;695;121;" (2)"
"0604082";"Werbkowice (2)";8602;4283;4319;1429;773;656;5046;2758;2288;2127;752;1375;187;" (2)"
"0605012";"Batorz (2)";3111;1583;1528;564;295;269;1868;1037;831;679;251;428;71;" (2)"
"0605022";"Chrzanów (2)";2722;1335;1387;509;250;259;1517;838;679;696;247;449;72;" (2)"
"0605032";"Dzwola (2)";6013;3057;2956;1103;573;530;3554;2020;1534;1356;464;892;200;" (2)"
"0605042";"Godziszów (2)";5533;2751;2782;962;491;471;3227;1773;1454;1344;487;857;102;" (2)"
"0605053";"Janów Lubelski (3)";14942;7226;7716;2563;1298;1265;8736;4704;4032;3643;1224;2419;179;" (3)"
"0605063";"Modliborzyce (3)";6800;3408;3392;1248;648;600;4126;2282;1844;1426;478;948;153;" (3)"
"0605072";"Potok Wielki (2)";4517;2245;2272;841;430;411;2714;1485;1229;962;330;632;99;" (2)"
"0606011";"Krasnystaw (1)";17702;8451;9251;2739;1420;1319;9859;5347;4512;5104;1684;3420;42;" (1)"
"0606022";"Fajsławice (2)";4512;2201;2311;779;396;383;2663;1445;1218;1070;360;710;71;" (2)"
"0606032";"Gorzków (2)";3293;1556;1737;475;235;240;1755;963;792;1063;358;705;97;" (2)"
"0606042";"Izbica (2)";7810;3950;3860;1349;726;623;4513;2549;1964;1948;675;1273;138;" (2)"
"0606052";"Krasnystaw (2)";8245;4043;4202;1469;736;733;4890;2671;2219;1886;636;1250;151;" (2)"
"0606062";"Kraśniczyn (2)";3470;1733;1737;476;253;223;2001;1139;862;993;341;652;110;" (2)"
"0606072";"Łopiennik Górny (2)";3618;1762;1856;579;289;290;2071;1151;920;968;322;646;106;" (2)"
"0606092";"Rudnik (2)";2769;1368;1401;396;186;210;1606;907;699;767;275;492;89;" (2)"
"0606102";"Siennica Różana (2)";3888;1889;1999;633;312;321;2293;1249;1044;962;328;634;98;" (2)"
"0606112";"Żółkiewka (2)";4962;2407;2555;737;366;371;2755;1534;1221;1470;507;963;130;" (2)"
"0607011";"Kraśnik (1)";32189;15042;17147;4837;2421;2416;18196;9644;8552;9156;2977;6179;26;" (1)"
"0607023";"Annopol (3)";8118;4040;4078;1440;751;689;4756;2596;2160;1922;693;1229;151;" (3)"
"0607032";"Dzierzkowice (2)";5243;2640;2603;988;506;482;3088;1721;1367;1167;413;754;87;" (2)"
"0607042";"Gościeradów (2)";6905;3414;3491;1230;626;604;4109;2215;1894;1566;573;993;159;" (2)"
"0607052";"Kraśnik (2)";7069;3466;3603;1329;708;621;4329;2293;2036;1411;465;946;105;" (2)"
"0607062";"Szastarka (2)";5530;2704;2826;998;484;514;3274;1808;1466;1258;412;846;73;" (2)"
"0607072";"Trzydnik Duży (2)";6105;3054;3051;1079;560;519;3514;1962;1552;1512;532;980;104;" (2)"
"0607083";"Urzędów (3)";8271;4048;4223;1444;698;746;4853;2632;2221;1974;718;1256;119;" (3)"
"0607092";"Wilkołaz (2)";5373;2659;2714;1059;528;531;3071;1690;1381;1243;441;802;82;" (2)"
"0607102";"Zakrzówek (2)";6201;3039;3162;1099;577;522;3603;1953;1650;1499;509;990;99;" (2)"
"0608011";"Lubartów (1)";20306;9553;10753;3513;1768;1745;11339;6007;5332;5454;1778;3676;14;" (1)"
"0608022";"Abramów (2)";3872;1966;1906;680;348;332;2333;1316;1017;859;302;557;85;" (2)"
"0608032";"Firlej (2)";5717;2820;2897;1086;560;526;3367;1848;1519;1264;412;852;126;" (2)"
"0608042";"Jeziorzany (2)";2520;1231;1289;435;205;230;1458;817;641;627;209;418;66;" (2)"
"0608053";"Kamionka (3)";6439;3150;3289;1228;634;594;3951;2115;1836;1260;401;859;112;" (3)"
"0608063";"Kock (3)";5848;2882;2966;1055;525;530;3464;1907;1557;1329;450;879;101;" (3)"
"0608072";"Lubartów (2)";12051;5992;6059;2587;1340;1247;7423;3994;3429;2041;658;1383;158;" (2)"
"0608082";"Michów (2)";5586;2778;2808;960;501;459;3269;1814;1455;1357;463;894;136;" (2)"
"0608092";"Niedźwiada (2)";6203;3113;3090;1201;620;581;3808;2108;1700;1194;385;809;96;" (2)"
"0608103";"Ostrów Lubelski (3)";5062;2485;2577;962;469;493;2920;1597;1323;1180;419;761;122;" (3)"
"0608112";"Ostrówek (2)";3738;1809;1929;764;388;376;2129;1157;972;845;264;581;90;" (2)"
"0608122";"Serniki (2)";4788;2400;2388;921;465;456;2935;1615;1320;932;320;612;76;" (2)"
"0608132";"Uścimów (2)";3016;1492;1524;542;281;261;1771;960;811;703;251;452;107;" (2)"
"0609013";"Bełżyce (3)";12828;6217;6611;2480;1242;1238;7571;4048;3523;2777;927;1850;134;" (3)"
"0609022";"Borzechów (2)";3754;1861;1893;762;398;364;2223;1202;1021;769;261;508;68;" (2)"
"0609033";"Bychawa (3)";11098;5342;5756;1972;966;1006;6531;3514;3017;2595;862;1733;146;" (3)"
"0609042";"Garbów (2)";8973;4413;4560;1845;953;892;5352;2898;2454;1776;562;1214;103;" (2)"
"0609052";"Głusk (2)";14043;6834;7209;3603;1811;1792;8384;4317;4067;2056;706;1350;64;" (2)"
"0609062";"Jabłonna (2)";8205;4063;4142;1634;883;751;4968;2659;2309;1603;521;1082;131;" (2)"
"0609072";"Jastków (2)";15163;7455;7708;3254;1683;1571;9054;4769;4285;2855;1003;1852;113;" (2)"
"0609082";"Konopnica (2)";15599;7735;7864;3400;1735;1665;9300;4963;4337;2899;1037;1862;93;" (2)"
"0609092";"Krzczonów (2)";4154;2025;2129;691;349;342;2366;1312;1054;1097;364;733;128;" (2)"
"0609102";"Niedrzwica Duża (2)";11893;5882;6011;2567;1341;1226;7110;3804;3306;2216;737;1479;107;" (2)"
"0609112";"Niemce (2)";21383;10505;10878;4714;2347;2367;12906;6835;6071;3763;1323;2440;141;" (2)"
"0609122";"Strzyżewice (2)";8105;3932;4173;1655;865;790;4767;2504;2263;1683;563;1120;109;" (2)"
"0609132";"Wojciechów (2)";6016;2954;3062;1218;628;590;3482;1897;1585;1316;429;887;81;" (2)"
"0609142";"Wólka (2)";14009;6899;7110;3281;1719;1562;8754;4556;4198;1974;624;1350;73;" (2)"
"0609152";"Wysokie (2)";4191;2085;2106;659;343;316;2356;1323;1033;1176;419;757;114;" (2)"
"0609162";"Zakrzew (2)";2715;1319;1396;454;223;231;1521;842;679;740;254;486;75;" (2)"
"0610012";"Cyców (2)";7717;3830;3887;1708;879;829;4591;2482;2109;1418;469;949;148;" (2)"
"0610022";"Ludwin (2)";5603;2806;2797;1267;631;636;3345;1825;1520;991;350;641;122;" (2)"
"0610033";"Łęczna (3)";22626;10939;11687;4325;2193;2132;13902;7315;6587;4399;1431;2968;75;" (3)"
"0610042";"Milejów (2)";8713;4262;4451;1585;776;809;5138;2835;2303;1990;651;1339;117;" (2)"
"0610052";"Puchaczów (2)";5553;2745;2808;1240;618;622;3318;1806;1512;995;321;674;92;" (2)"
"0610062";"Spiczyn (2)";5950;2927;3023;1332;681;651;3519;1881;1638;1099;365;734;83;" (2)"
"0611011";"Łuków (1)";27719;13189;14530;5142;2592;2550;15521;8252;7269;7056;2345;4711;36;" (1)"
"0611021";"Stoczek Łukowski (1)";2401;1176;1225;433;224;209;1347;742;605;621;210;411;9;" (1)"
"0611032";"Adamów (2)";5237;2602;2635;1065;554;511;3029;1652;1377;1143;396;747;99;" (2)"
"0611042";"Krzywda (2)";9889;4944;4945;2307;1183;1124;5787;3178;2609;1795;583;1212;161;" (2)"
"0611052";"Łuków (2)";18401;9308;9093;4575;2309;2266;10984;6002;4982;2842;997;1845;307;" (2)"
"0611062";"Serokomla (2)";3722;1848;1874;770;388;382;2165;1212;953;787;248;539;77;" (2)"
"0611072";"Stanin (2)";9296;4676;4620;2114;1056;1058;5437;3020;2417;1745;600;1145;161;" (2)"
"0611082";"Stoczek Łukowski (2)";7304;3708;3596;1458;753;705;4306;2437;1869;1540;518;1022;173;" (2)"
"0611092";"Trzebieszów (2)";7154;3624;3530;1607;816;791;4149;2299;1850;1398;509;889;141;" (2)"
"0611102";"Wojcieszków (2)";6564;3290;3274;1442;716;726;3777;2088;1689;1345;486;859;109;" (2)"
"0611112";"Wola Mysłowska (2)";4434;2245;2189;858;464;394;2596;1465;1131;980;316;664;121;" (2)"
"0612012";"Chodel (2)";6396;3195;3201;1337;687;650;3777;2058;1719;1282;450;832;108;" (2)"
"0612023";"Józefów nad Wisłą (3)";6168;3018;3150;1075;515;560;3528;1929;1599;1565;574;991;141;" (3)"
"0612032";"Karczmiska (2)";5366;2672;2694;949;492;457;3202;1771;1431;1215;409;806;95;" (2)"
"0612042";"Łaziska (2)";4635;2280;2355;808;398;410;2716;1503;1213;1111;379;732;109;" (2)"
"0612053";"Opole Lubelskie (3)";16537;8031;8506;2964;1544;1420;9708;5191;4517;3865;1296;2569;194;" (3)"
"0612063";"Poniatowa (3)";13394;6318;7076;2324;1154;1170;7476;3976;3500;3594;1188;2406;85;" (3)"
"0612072";"Wilków (2)";4230;2091;2139;726;381;345;2485;1370;1115;1019;340;679;78;" (2)"
"0613012";"Dębowa Kłoda (2)";3646;1804;1842;691;345;346;2156;1180;976;799;279;520;188;" (2)"
"0613022";"Jabłoń (2)";3615;1859;1756;686;365;321;2082;1198;884;847;296;551;110;" (2)"
"0613032";"Milanów (2)";3473;1778;1695;623;329;294;2092;1178;914;758;271;487;117;" (2)"
"0613043";"Parczew (3)";13995;6745;7250;2506;1285;1221;8150;4374;3776;3339;1086;2253;147;" (3)"
"0613052";"Podedwórze (2)";1524;746;778;237;127;110;881;480;401;406;139;267;107;" (2)"
"0613062";"Siemień (2)";4323;2157;2166;769;379;390;2561;1448;1113;993;330;663;111;" (2)"
"0613072";"Sosnowica (2)";2358;1168;1190;406;213;193;1330;735;595;622;220;402;172;" (2)"
"0614011";"Puławy (1)";44755;20668;24087;7080;3666;3414;24529;12777;11752;13146;4225;8921;51;" (1)"
"0614022";"Baranów (2)";3661;1765;1896;651;339;312;2090;1124;966;920;302;618;85;" (2)"
"0614032";"Janowiec (2)";3628;1811;1817;653;327;326;2110;1153;957;865;331;534;79;" (2)"
"0614043";"Kazimierz Dolny (3)";6342;3071;3271;990;476;514;3715;2038;1677;1637;557;1080;72;" (3)"
"0614052";"Końskowola (2)";8534;4172;4362;1549;801;748;4988;2713;2275;1997;658;1339;90;" (2)"
"0614062";"Kurów (2)";7414;3666;3748;1364;704;660;4320;2388;1932;1730;574;1156;101;" (2)"
"0614072";"Markuszów (2)";2901;1459;1442;541;278;263;1713;948;765;647;233;414;40;" (2)"
"0614083";"Nałęczów (3)";8694;4059;4635;1472;692;780;4911;2637;2274;2311;730;1581;63;" (3)"
"0614092";"Puławy (2)";12194;6027;6167;2281;1180;1101;7259;3874;3385;2654;973;1681;161;" (2)"
"0614102";"Wąwolnica (2)";4380;2167;2213;818;422;396;2581;1410;1171;981;335;646;63;" (2)"
"0614112";"Żyrzyn (2)";6196;3068;3128;1141;592;549;3597;1987;1610;1458;489;969;129;" (2)"
"0615011";"Radzyń Podlaski (1)";14620;6974;7646;2633;1349;1284;8325;4465;3860;3662;1160;2502;19;" (1)"
"0615022";"Borki (2)";5804;2921;2883;1235;653;582;3403;1883;1520;1166;385;781;112;" (2)"
"0615032";"Czemierniki (2)";4093;2045;2048;777;387;390;2378;1327;1051;938;331;607;107;" (2)"
"0615042";"Kąkolewnica (2)";7687;3843;3844;1601;798;803;4580;2523;2057;1506;522;984;148;" (2)"
"0615052";"Komarówka Podlaska (2)";3911;2015;1896;679;365;314;2264;1308;956;968;342;626;138;" (2)"
"0615062";"Radzyń Podlaski (2)";7912;3983;3929;1660;838;822;4781;2623;2158;1471;522;949;155;" (2)"
"0615072";"Ulan-Majorat (2)";5588;2931;2657;1201;674;527;3356;1887;1469;1031;370;661;108;" (2)"
"0615082";"Wohyń (2)";6281;3169;3112;1173;590;583;3640;2063;1577;1468;516;952;178;" (2)"
"0616011";"Dęblin (1)";14504;7013;7491;2421;1251;1170;8111;4452;3659;3972;1310;2662;38;" (1)"
"0616022";"Kłoczew (2)";6874;3473;3401;1520;788;732;3931;2213;1718;1423;472;951;143;" (2)"
"0616032";"Nowodwór (2)";3930;1983;1947;822;415;407;2323;1284;1039;785;284;501;72;" (2)"
"0616043";"Ryki (3)";19443;9543;9900;3685;1895;1790;11034;6034;5000;4724;1614;3110;162;" (3)"
"0616052";"Stężyca (2)";4846;2432;2414;845;419;426;2749;1566;1183;1252;447;805;116;" (2)"
"0616062";"Ułęż (2)";2889;1425;1464;543;279;264;1610;894;716;736;252;484;84;" (2)"
"0617011";"Świdnik (1)";37396;17652;19744;6294;3251;3043;20955;11001;9954;10147;3400;6747;20;" (1)"
"0617022";"Mełgiew (2)";10602;5250;5352;2225;1110;1115;6351;3398;2953;2026;742;1284;95;" (2)"
"0617033";"Piaski (3)";10332;4967;5365;1873;905;968;6026;3267;2759;2433;795;1638;170;" (3)"
"0617042";"Rybczewice (2)";3251;1599;1652;519;290;229;1814;1010;804;918;299;619;99;" (2)"
"0617052";"Trawniki (2)";8544;4218;4326;1552;802;750;5120;2819;2301;1872;597;1275;84;" (2)"
"0618011";"Tomaszów Lubelski (1)";18291;8656;9635;2857;1475;1382;10480;5542;4938;4954;1639;3315;13;" (1)"
"0618022";"Bełżec (2)";3206;1623;1583;633;339;294;1907;1057;850;666;227;439;33;" (2)"
"0618032";"Jarczów (2)";3225;1595;1630;557;286;271;1867;1036;831;801;273;528;107;" (2)"
"0618042";"Krynice (2)";3064;1511;1553;506;265;241;1749;965;784;809;281;528;74;" (2)"
"0618053";"Lubycza Królewska (3)";5716;2867;2849;968;482;486;3521;1964;1557;1227;421;806;208;" (3)"
"0618063";"Łaszczów (3)";5626;2740;2886;910;462;448;3234;1772;1462;1482;506;976;128;" (3)"
"0618072";"Rachanie (2)";4701;2370;2331;784;425;359;2703;1540;1163;1214;405;809;94;" (2)"
"0618082";"Susiec (2)";7085;3540;3545;1235;602;633;4252;2377;1875;1598;561;1037;191;" (2)"
"0618092";"Tarnawatka (2)";3811;1918;1893;708;364;344;2301;1273;1028;802;281;521;83;" (2)"
"0618102";"Telatyn (2)";3660;1814;1846;574;295;279;2118;1198;920;968;321;647;112;" (2)"
"0618112";"Tomaszów Lubelski (2)";11055;5474;5581;2134;1084;1050;6855;3707;3148;2066;683;1383;171;" (2)"
"0618123";"Tyszowce (3)";5240;2632;2608;889;483;406;3037;1699;1338;1314;450;864;128;" (3)"
"0618132";"Ulhówek (2)";4125;2011;2114;608;286;322;2497;1395;1102;1020;330;690;147;" (2)"
"0619011";"Włodawa (1)";12364;5892;6472;2127;1133;994;6950;3729;3221;3287;1030;2257;18;" (1)"
"0619022";"Hanna (2)";2573;1315;1258;375;200;175;1533;882;651;665;233;432;139;" (2)"
"0619032";"Hańsk (2)";3497;1772;1725;652;336;316;2097;1170;927;748;266;482;176;" (2)"
"0619042";"Stary Brus (2)";1881;929;952;353;164;189;1068;594;474;460;171;289;132;" (2)"
"0619052";"Urszulin (2)";4099;2057;2042;843;458;385;2411;1321;1090;845;278;567;172;" (2)"
"0619062";"Włodawa (2)";5753;2922;2831;1111;574;537;3389;1881;1508;1253;467;786;245;" (2)"
"0619072";"Wola Uhruska (2)";3659;1810;1849;563;297;266;2187;1217;970;909;296;613;154;" (2)"
"0619082";"Wyryki (2)";2343;1202;1141;390;215;175;1391;800;591;562;187;375;220;" (2)"
"0620012";"Adamów (2)";4486;2264;2222;828;423;405;2665;1496;1169;993;345;648;111;" (2)"
"0620022";"Grabowiec (2)";3665;1851;1814;552;275;277;2069;1179;890;1044;397;647;128;" (2)"
"0620032";"Komarów-Osada (2)";4583;2264;2319;800;421;379;2626;1449;1177;1157;394;763;124;" (2)"
"0620043";"Krasnobród (3)";6771;3407;3364;1203;613;590;4079;2247;1832;1489;547;942;127;" (3)"
"0620052";"Łabunie (2)";5979;2923;3056;1091;560;531;3674;1954;1720;1214;409;805;87;" (2)"
"0620062";"Miączyn (2)";5211;2633;2578;882;459;423;3144;1773;1371;1185;401;784;156;" (2)"
"0620072";"Nielisz (2)";5164;2542;2622;854;464;390;3009;1671;1338;1301;407;894;112;" (2)"
"0620082";"Radecznica (2)";5177;2550;2627;726;368;358;2970;1662;1308;1481;520;961;110;" (2)"
"0620092";"Sitno (2)";6577;3293;3284;1288;693;595;3900;2134;1766;1389;466;923;112;" (2)"
"0620102";"Skierbieszów (2)";4797;2399;2398;817;425;392;2782;1557;1225;1198;417;781;139;" (2)"
"0620112";"Stary Zamość (2)";4948;2470;2478;870;462;408;2939;1604;1335;1139;404;735;98;" (2)"
"0620122";"Sułów (2)";4153;1993;2160;638;304;334;2383;1320;1063;1132;369;763;93;" (2)"
"0620133";"Szczebrzeszyn (3)";10748;5221;5527;1748;889;859;6423;3514;2909;2577;818;1759;123;" (3)"
"0620142";"Zamość (2)";23685;11621;12064;4672;2373;2299;14496;7674;6822;4517;1574;2943;196;" (2)"
"0620153";"Zwierzyniec (3)";6237;2999;3238;1015;519;496;3581;1963;1618;1641;517;1124;154;" (3)"
"0661011";"Biała Podlaska (1)";55100;26213;28887;10144;5179;4965;32140;16936;15204;12816;4098;8718;49;" (1)"
"0662011";"Chełm (1)";58805;27412;31393;9209;4733;4476;33648;17687;15961;15948;4992;10956;35;" (1)"
"0663011";"Lublin (1)";332852;153824;179028;56526;29046;27480;194723;98985;95738;81603;25793;55810;148;" (1)"
"0664011";"Zamość (1)";59603;27781;31822;9929;4979;4950;34031;17803;16228;15643;4999;10644;30;" (1)"
"0801011";"Kostrzyn nad Odrą (1)";17885;8794;9091;3439;1848;1591;10779;5750;5029;3667;1196;2471;46;" (1)"
"0801022";"Bogdaniec (2)";7129;3555;3574;1487;775;712;4210;2276;1934;1432;504;928;112;" (2)"
"0801032";"Deszczno (2)";10393;5207;5186;2348;1224;1124;6300;3353;2947;1745;630;1115;168;" (2)"
"0801042";"Kłodawa (2)";9063;4501;4562;2017;1004;1013;5487;2929;2558;1559;568;991;235;" (2)"
"0801052";"Lubiszyn (2)";6984;3523;3461;1437;725;712;4274;2365;1909;1273;433;840;205;" (2)"
"0801062";"Santok (2)";9238;4677;4561;2097;1076;1021;5576;3029;2547;1565;572;993;169;" (2)"
"0801073";"Witnica (3)";12213;6010;6203;2286;1162;1124;7497;4040;3457;2430;808;1622;279;" (3)"
"0802011";"Gubin (1)";15955;7621;8334;2634;1342;1292;9526;5065;4461;3795;1214;2581;21;" (1)"
"0802022";"Bobrowice (2)";3085;1531;1554;558;293;265;1828;995;833;699;243;456;185;" (2)"
"0802032";"Bytnica (2)";2329;1175;1154;432;228;204;1394;763;631;503;184;319;209;" (2)"
"0802042";"Dąbie (2)";4896;2545;2351;943;492;451;3004;1701;1303;949;352;597;171;" (2)"
"0802052";"Gubin (2)";7187;3617;3570;1343;666;677;4502;2473;2029;1342;478;864;379;" (2)"
"0802063";"Krosno Odrzańskie (3)";17268;8387;8881;3087;1602;1485;10042;5396;4646;4139;1389;2750;212;" (3)"
"0802072";"Maszewo (2)";2740;1388;1352;498;267;231;1649;912;737;593;209;384;214;" (2)"
"0803012";"Bledzew (2)";4006;2008;1998;719;361;358;2350;1326;1024;937;321;616;247;" (2)"
"0803023";"Międzyrzecz (3)";24073;11713;12360;4364;2243;2121;14191;7606;6585;5518;1864;3654;315;" (3)"
"0803032";"Przytoczna (2)";5376;2788;2588;1010;544;466;3116;1783;1333;1250;461;789;185;" (2)"
"0803042";"Pszczew (2)";4246;2070;2176;845;418;427;2485;1322;1163;916;330;586;178;" (2)"
"0803053";"Skwierzyna (3)";11700;5660;6040;2081;1033;1048;6837;3655;3182;2782;972;1810;285;" (3)"
"0803063";"Trzciel (3)";6277;3131;3146;1184;605;579;3703;2023;1680;1390;503;887;178;" (3)"
"0804011";"Nowa Sól (1)";36569;17292;19277;5937;3004;2933;20736;11069;9667;9896;3219;6677;22;" (1)"
"0804023";"Bytom Odrzański (3)";5142;2546;2596;987;523;464;3030;1610;1420;1125;413;712;52;" (3)"
"0804032";"Kolsko (2)";3261;1621;1640;641;314;327;1874;1042;832;746;265;481;81;" (2)"
"0804043";"Kożuchów (3)";15411;7522;7889;2917;1449;1468;9074;4907;4167;3420;1166;2254;179;" (3)"
"0804052";"Nowa Sól (2)";7203;3569;3634;1506;775;731;4271;2291;1980;1426;503;923;176;" (2)"
"0804063";"Nowe Miasteczko (3)";5064;2500;2564;964;481;483;3005;1635;1370;1095;384;711;77;" (3)"
"0804073";"Otyń (3)";7006;3585;3421;1439;768;671;4279;2366;1913;1288;451;837;92;" (3)"
"0804082";"Siedlisko (2)";3358;1702;1656;710;391;319;2018;1096;922;630;215;415;92;" (2)"
"0805013";"Cybinka (3)";6305;3164;3141;1159;615;544;3845;2124;1721;1301;425;876;280;" (3)"
"0805022";"Górzyca (2)";4104;2051;2053;816;412;404;2555;1380;1175;733;259;474;144;" (2)"
"0805033";"Ośno Lubuskie (3)";6228;3039;3189;1202;579;623;3818;2072;1746;1208;388;820;198;" (3)"
"0805043";"Rzepin (3)";9440;4634;4806;1871;953;918;5630;3024;2606;1939;657;1282;191;" (3)"
"0805053";"Słubice (3)";20037;9642;10395;3717;1865;1852;12301;6503;5798;4019;1274;2745;186;" (3)"
"0806013";"Dobiegniew (3)";6271;3137;3134;1070;550;520;3680;2047;1633;1521;540;981;351;" (3)"
"0806023";"Drezdenko (3)";16588;8141;8447;3201;1604;1597;9589;5205;4384;3798;1332;2466;400;" (3)"
"0806032";"Stare Kurowo (2)";3938;1990;1948;793;417;376;2316;1255;1061;829;318;511;78;" (2)"
"0806043";"Strzelce Krajeńskie (3)";16439;8028;8411;3070;1574;1496;9604;5175;4429;3765;1279;2486;319;" (3)"
"0806052";"Zwierzyn (2)";4200;2098;2102;826;407;419;2580;1431;1149;794;260;534;100;" (2)"
"0807012";"Krzeszyce (2)";4584;2325;2259;937;475;462;2729;1524;1205;918;326;592;194;" (2)"
"0807023";"Lubniewice (3)";3042;1503;1539;517;265;252;1810;991;819;715;247;468;130;" (3)"
"0807032";"Słońsk (2)";4700;2398;2302;958;513;445;2884;1581;1303;858;304;554;159;" (2)"
"0807043";"Sulęcin (3)";15261;7561;7700;2927;1516;1411;8925;4882;4043;3409;1163;2246;320;" (3)"
"0807053";"Torzym (3)";6415;3195;3220;1274;646;628;3846;2114;1732;1295;435;860;375;" (3)"
"0808012";"Lubrza (2)";3598;1842;1756;739;383;356;2209;1228;981;650;231;419;122;" (2)"
"0808022";"Łagów (2)";4801;2429;2372;792;413;379;2887;1625;1262;1122;391;731;200;" (2)"
"0808032";"Skąpe (2)";5174;2633;2541;951;514;437;3064;1738;1326;1159;381;778;182;" (2)"
"0808042";"Szczaniec (2)";3719;1815;1904;714;359;355;2222;1190;1032;783;266;517;113;" (2)"
"0808053";"Świebodzin (3)";29280;14119;15161;5589;2853;2736;17059;9058;8001;6632;2208;4424;226;" (3)"
"0808063";"Zbąszynek (3)";8101;3977;4124;1640;878;762;4741;2521;2220;1720;578;1142;94;" (3)"
"0809013";"Babimost (3)";6089;3022;3067;1116;607;509;3640;1933;1707;1333;482;851;93;" (3)"
"0809022";"Bojadła (2)";3213;1595;1618;626;326;300;1851;1021;830;736;248;488;102;" (2)"
"0809033";"Czerwieńsk (3)";10028;4993;5035;2009;1038;971;5973;3222;2751;2046;733;1313;195;" (3)"
"0809043";"Kargowa (3)";5897;2883;3014;1153;577;576;3554;1891;1663;1190;415;775;129;" (3)"
"0809053";"Nowogród Bobrzański (3)";9067;4472;4595;1676;826;850;5510;2969;2541;1881;677;1204;260;" (3)"
"0809063";"Sulechów (3)";26026;12674;13352;4815;2464;2351;15385;8257;7128;5826;1953;3873;237;" (3)"
"0809072";"Świdnica (2)";6771;3368;3403;1355;691;664;4057;2189;1868;1359;488;871;160;" (2)"
"0809082";"Trzebiechów (2)";3207;1645;1562;650;335;315;1865;1055;810;692;255;437;81;" (2)"
"0809092";"Zabór (2)";4600;2252;2348;997;502;495;2783;1459;1324;820;291;529;93;" (2)"
"0810011";"Gozdnica (1)";2812;1378;1434;432;243;189;1633;903;730;747;232;515;24;" (1)"
"0810021";"Żagań (1)";24130;11547;12583;3946;2061;1885;13876;7436;6440;6308;2050;4258;40;" (1)"
"0810032";"Brzeźnica (2)";3520;1769;1751;702;381;321;2095;1135;960;723;253;470;122;" (2)"
"0810043";"Iłowa (3)";6500;3182;3318;1114;579;535;3873;2103;1770;1513;500;1013;153;" (3)"
"0810053";"Małomice (3)";5155;2522;2633;975;488;487;3023;1637;1386;1157;397;760;80;" (3)"
"0810062";"Niegosławice (2)";4286;2152;2134;882;456;426;2531;1380;1151;873;316;557;136;" (2)"
"0810073";"Szprotawa (3)";19479;9429;10050;3375;1705;1670;11514;6194;5320;4590;1530;3060;233;" (3)"
"0810082";"Wymiarki (2)";2134;1049;1085;335;166;169;1318;729;589;481;154;327;63;" (2)"
"0810092";"Żagań (2)";7178;3620;3558;1479;769;710;4395;2391;2004;1304;460;844;281;" (2)"
"0811011";"Łęknica (1)";2290;1106;1184;408;205;203;1443;755;688;439;146;293;16;" (1)"
"0811021";"Żary (1)";35673;16853;18820;6095;3096;2999;20549;10846;9703;9029;2911;6118;33;" (1)"
"0811032";"Brody (2)";3226;1587;1639;621;310;311;1942;1047;895;663;230;433;241;" (2)"
"0811043";"Jasień (3)";6783;3382;3401;1207;605;602;4086;2276;1810;1490;501;989;127;" (3)"
"0811052";"Lipinki Łużyckie (2)";3275;1620;1655;692;338;354;1979;1089;890;604;193;411;89;" (2)"
"0811063";"Lubsko (3)";17586;8582;9004;3018;1558;1460;10440;5626;4814;4128;1398;2730;183;" (3)"
"0811072";"Przewóz (2)";3043;1483;1560;558;254;304;1893;1042;851;592;187;405;178;" (2)"
"0811082";"Trzebiel (2)";5543;2784;2759;1034;544;490;3325;1847;1478;1184;393;791;166;" (2)"
"0811092";"Tuplice (2)";2967;1438;1529;516;262;254;1773;949;824;678;227;451;66;" (2)"
"0811102";"Żary (2)";12366;6148;6218;2467;1286;1181;7689;4117;3572;2210;745;1465;294;" (2)"
"0812013";"Sława (3)";12472;6171;6301;2537;1319;1218;7189;3863;3326;2746;989;1757;327;" (3)"
"0812023";"Szlichtyngowa (3)";4840;2418;2422;979;498;481;2931;1594;1337;930;326;604;100;" (3)"
"0812033";"Wschowa (3)";20371;9964;10407;3909;2037;1872;11951;6441;5510;4511;1486;3025;197;" (3)"
"0861011";"Gorzów Wielkopolski (1)";118011;55618;62393;19494;9961;9533;68428;35794;32634;30089;9863;20226;86;" (1)"
"0862011";"Zielona Góra (1)";139667;66050;73617;24914;12714;12200;81140;42119;39021;33613;11217;22396;277;" (1)"
"1001011";"Bełchatów (1)";53718;25940;27778;9757;5017;4740;31298;16635;14663;12663;4288;8375;35;" (1)"
"1001022";"Bełchatów (2)";12575;6306;6269;2728;1394;1334;7570;4088;3482;2277;824;1453;180;" (2)"
"1001032";"Drużbice (2)";5247;2608;2639;1032;536;496;3075;1673;1402;1140;399;741;113;" (2)"
"1001042";"Kleszczów (2)";6151;3026;3125;1627;816;811;3657;1899;1758;867;311;556;125;" (2)"
"1001052";"Kluki (2)";4341;2134;2207;843;413;430;2633;1424;1209;865;297;568;119;" (2)"
"1001062";"Rusiec (2)";4900;2380;2520;899;463;436;2848;1529;1319;1153;388;765;100;" (2)"
"1001072";"Szczerców (2)";8149;3992;4157;1568;768;800;4934;2645;2289;1647;579;1068;129;" (2)"
"1001083";"Zelów (3)";14507;7158;7349;2766;1460;1306;8389;4591;3798;3352;1107;2245;167;" (3)"
"1002011";"Kutno (1)";41754;19460;22294;6418;3310;3108;23230;12326;10904;12106;3824;8282;34;" (1)"
"1002022";"Bedlno (2)";5207;2614;2593;853;429;424;3071;1759;1312;1283;426;857;125;" (2)"
"1002032";"Dąbrowice (2)";1808;862;946;317;163;154;1062;557;505;429;142;287;46;" (2)"
"1002043";"Krośniewice (3)";7922;3804;4118;1367;686;681;4599;2479;2120;1956;639;1317;95;" (3)"
"1002052";"Krzyżanów (2)";4043;2012;2031;715;357;358;2453;1375;1078;875;280;595;103;" (2)"
"1002062";"Kutno (2)";8875;4429;4446;1682;899;783;5441;2931;2510;1752;599;1153;122;" (2)"
"1002072";"Łanięta (2)";2238;1174;1064;410;228;182;1357;777;580;471;169;302;55;" (2)"
"1002082";"Nowe Ostrowy (2)";3261;1598;1663;516;264;252;1989;1101;888;756;233;523;72;" (2)"
"1002092";"Oporów (2)";2418;1191;1227;458;220;238;1414;780;634;546;191;355;68;" (2)"
"1002102";"Strzelce (2)";3785;1864;1921;669;348;321;2250;1215;1035;866;301;565;90;" (2)"
"1002113";"Żychlin (3)";11233;5393;5840;1759;912;847;6390;3484;2906;3084;997;2087;77;" (3)"
"1003012";"Buczek (2)";5067;2506;2561;981;517;464;3022;1638;1384;1064;351;713;92;" (2)"
"1003023";"Łask (3)";27155;13014;14141;4763;2466;2297;15765;8398;7367;6627;2150;4477;145;" (3)"
"1003032";"Sędziejowice (2)";6248;3125;3123;1134;615;519;3679;2028;1651;1435;482;953;120;" (2)"
"1003042";"Widawa (2)";6992;3434;3558;1155;599;556;4077;2258;1819;1760;577;1183;179;" (2)"
"1003052";"Wodzierady (2)";3697;1824;1873;712;355;357;2168;1172;996;817;297;520;82;" (2)"
"1004011";"Łęczyca (1)";13340;6176;7164;2221;1144;1077;7469;3912;3557;3650;1120;2530;9;" (1)"
"1004022";"Daszyna (2)";3687;1813;1874;655;334;321;2089;1164;925;943;315;628;81;" (2)"
"1004032";"Góra Świętej Małgorzaty (2)";4264;2085;2179;771;372;399;2496;1376;1120;997;337;660;90;" (2)"
"1004042";"Grabów (2)";5421;2744;2677;905;473;432;3070;1757;1313;1446;514;932;156;" (2)"
"1004052";"Łęczyca (2)";8291;4112;4179;1481;753;728;4977;2748;2229;1833;611;1222;151;" (2)"
"1004063";"Piątek (3)";5671;2797;2874;1002;546;456;3280;1791;1489;1389;460;929;133;" (3)"
"1004072";"Świnice Warckie (2)";3686;1852;1834;625;324;301;2167;1207;960;894;321;573;93;" (2)"
"1004082";"Witonia (2)";3078;1524;1554;496;251;245;1814;1001;813;768;272;496;60;" (2)"
"1005011";"Łowicz (1)";26582;12414;14168;4440;2260;2180;14974;7872;7102;7168;2282;4886;23;" (1)"
"1005022";"Bielawy (2)";5159;2584;2575;845;443;402;2949;1638;1311;1365;503;862;164;" (2)"
"1005032";"Chąśno (2)";2882;1448;1434;515;250;265;1730;959;771;637;239;398;72;" (2)"
"1005042";"Domaniewice (2)";4535;2237;2298;930;493;437;2611;1406;1205;994;338;656;86;" (2)"
"1005052";"Kiernozia (2)";3167;1572;1595;558;289;269;1804;987;817;805;296;509;76;" (2)"
"1005062";"Kocierzew Południowy (2)";4089;2059;2030;767;391;376;2413;1331;1082;909;337;572;94;" (2)"
"1005072";"Łowicz (2)";7666;3752;3914;1561;781;780;4633;2459;2174;1472;512;960;133;" (2)"
"1005082";"Łyszkowice (2)";6464;3160;3304;1257;623;634;3863;2083;1780;1344;454;890;107;" (2)"
"1005092";"Nieborów (2)";9279;4509;4770;1804;913;891;5395;2889;2506;2080;707;1373;104;" (2)"
"1005102";"Zduny (2)";5286;2601;2685;952;474;478;2944;1640;1304;1390;487;903;129;" (2)"
"1006022";"Andrespol (2)";14539;6915;7624;2807;1373;1434;8403;4433;3970;3329;1109;2220;25;" (2)"
"1006032";"Brójce (2)";7148;3544;3604;1580;839;741;4320;2256;2064;1248;449;799;70;" (2)"
"1006073";"Koluszki (3)";23048;10935;12113;4231;2119;2112;13220;6994;6226;5597;1822;3775;155;" (3)"
"1006082";"Nowosolna (2)";5533;2684;2849;1190;612;578;3303;1710;1593;1040;362;678;54;" (2)"
"1006103";"Rzgów (3)";11086;5348;5738;2357;1180;1177;6496;3401;3095;2233;767;1466;66;" (3)"
"1006113";"Tuszyn (3)";12637;6073;6564;2399;1207;1192;7445;3926;3519;2793;940;1853;130;" (3)"
"1007012";"Białaczów (2)";5592;2814;2778;1069;563;506;3315;1859;1456;1208;392;816;115;" (2)"
"1007023";"Drzewica (3)";9928;4852;5076;1816;888;928;5636;3093;2543;2476;871;1605;118;" (3)"
"1007032";"Mniszków (2)";4708;2410;2298;994;537;457;2736;1508;1228;978;365;613;124;" (2)"
"1007043";"Opoczno (3)";32438;15771;16667;6210;3097;3113;18949;10268;8681;7279;2406;4873;191;" (3)"
"1007052";"Paradyż (2)";4241;2142;2099;912;470;442;2486;1378;1108;843;294;549;81;" (2)"
"1007062";"Poświętne (2)";2956;1492;1464;559;277;282;1656;932;724;741;283;458;141;" (2)"
"1007072";"Sławno (2)";7510;3776;3734;1701;873;828;4367;2390;1977;1442;513;929;129;" (2)"
"1007082";"Żarnów (2)";5587;2827;2760;1028;539;489;3197;1791;1406;1362;497;865;141;" (2)"
"1008011";"Konstantynów Łódzki (1)";19117;8983;10134;3514;1827;1687;10909;5668;5241;4694;1488;3206;27;" (1)"
"1008021";"Pabianice (1)";62238;28766;33472;9458;4827;4631;35322;18517;16805;17458;5422;12036;33;" (1)"
"1008032";"Dłutów (2)";4896;2392;2504;963;480;483;2805;1511;1294;1128;401;727;101;" (2)"
"1008042";"Dobroń (2)";8055;3943;4112;1571;842;729;4810;2525;2285;1674;576;1098;95;" (2)"
"1008052";"Ksawerów (2)";7596;3624;3972;1420;732;688;4349;2276;2073;1827;616;1211;14;" (2)"
"1008062";"Lutomiersk (2)";9292;4596;4696;1881;991;890;5482;2937;2545;1929;668;1261;134;" (2)"
"1008072";"Pabianice (2)";8557;4216;4341;2059;1069;990;5060;2659;2401;1438;488;950;88;" (2)"
"1009013";"Działoszyn (3)";11740;5808;5932;2134;1094;1040;6953;3808;3145;2653;906;1747;121;" (3)"
"1009022";"Kiełczygłów (2)";3824;1905;1919;632;325;307;2261;1274;987;931;306;625;87;" (2)"
"1009032";"Nowa Brzeźnica (2)";4417;2218;2199;735;390;345;2618;1452;1166;1064;376;688;135;" (2)"
"1009043";"Pajęczno (3)";11293;5551;5742;2091;1080;1011;6496;3536;2960;2706;935;1771;114;" (3)"
"1009052";"Rząśnia (2)";4875;2445;2430;989;514;475;2892;1570;1322;994;361;633;86;" (2)"
"1009062";"Siemkowice (2)";4518;2263;2255;855;433;422;2646;1471;1175;1017;359;658;100;" (2)"
"1009072";"Strzelce Wielkie (2)";4256;2116;2140;679;345;334;2571;1404;1167;1006;367;639;78;" (2)"
"1009082";"Sulmierzyce (2)";4426;2180;2246;852;438;414;2507;1363;1144;1067;379;688;83;" (2)"
"1010012";"Aleksandrów (2)";4298;2163;2135;799;424;375;2427;1372;1055;1072;367;705;144;" (2)"
"1010022";"Czarnocin (2)";4096;1992;2104;816;432;384;2366;1238;1128;914;322;592;72;" (2)"
"1010032";"Gorzkowice (2)";8290;4035;4255;1603;786;817;4873;2616;2257;1814;633;1181;102;" (2)"
"1010042";"Grabica (2)";6047;3022;3025;1295;667;628;3538;1943;1595;1214;412;802;128;" (2)"
"1010052";"Łęki Szlacheckie (2)";3237;1631;1606;565;293;272;1904;1077;827;768;261;507;109;" (2)"
"1010062";"Moszczenica (2)";12643;6202;6441;2489;1289;1200;7508;4064;3444;2646;849;1797;111;" (2)"
"1010072";"Ręczno (2)";3381;1682;1699;660;337;323;1881;1039;842;840;306;534;89;" (2)"
"1010082";"Rozprza (2)";12235;5964;6271;2549;1292;1257;7177;3836;3341;2509;836;1673;163;" (2)"
"1010093";"Sulejów (3)";16571;8190;8381;3279;1682;1597;9834;5335;4499;3458;1173;2285;188;" (3)"
"1010102";"Wola Krzysztoporska (2)";11930;5883;6047;2491;1264;1227;7059;3800;3259;2380;819;1561;171;" (2)"
"1010113";"Wolbórz (3)";7843;3882;3961;1644;833;811;4426;2419;2007;1773;630;1143;152;" (3)"
"1011012";"Dalików (2)";3980;2001;1979;799;405;394;2303;1263;1040;878;333;545;115;" (2)"
"1011022";"Pęczniew (2)";3400;1712;1688;612;326;286;1977;1098;879;811;288;523;128;" (2)"
"1011033";"Poddębice (3)";14742;7163;7579;2547;1349;1198;8627;4628;3999;3568;1186;2382;225;" (3)"
"1011043";"Uniejów (3)";6765;3287;3478;1123;573;550;3899;2133;1766;1743;581;1162;129;" (3)"
"1011052";"Wartkowice (2)";6094;3050;3044;1151;588;563;3562;1987;1575;1381;475;906;140;" (2)"
"1011062";"Zadzim (2)";4765;2413;2352;868;462;406;2681;1510;1171;1216;441;775;144;" (2)"
"1012011";"Radomsko (1)";43958;20836;23122;6941;3554;3387;25293;13474;11819;11724;3808;7916;51;" (1)"
"1012022";"Dobryszyce (2)";4581;2334;2247;953;524;429;2788;1513;1275;840;297;543;51;" (2)"
"1012032";"Gidle (2)";5800;2928;2872;936;517;419;3396;1898;1498;1468;513;955;116;" (2)"
"1012042";"Gomunice (2)";5684;2777;2907;1050;528;522;3348;1809;1539;1286;440;846;62;" (2)"
"1012053";"Kamieńsk (3)";5679;2825;2854;1058;563;495;3377;1831;1546;1244;431;813;96;" (3)"
"1012062";"Kobiele Wielkie (2)";4283;2119;2164;819;413;406;2540;1399;1141;924;307;617;102;" (2)"
"1012072";"Kodrąb (2)";4359;2178;2181;791;420;371;2570;1397;1173;998;361;637;106;" (2)"
"1012082";"Lgota Wielka (2)";4229;2119;2110;789;408;381;2570;1418;1152;870;293;577;63;" (2)"
"1012092";"Ładzice (2)";4690;2438;2252;882;470;412;2777;1575;1202;1031;393;638;83;" (2)"
"1012102";"Masłowice (2)";3956;1951;2005;768;396;372;2190;1188;1002;998;367;631;116;" (2)"
"1012113";"Przedbórz (3)";6709;3341;3368;1159;593;566;3921;2181;1740;1629;567;1062;190;" (3)"
"1012122";"Radomsko (2)";5452;2693;2759;1025;521;504;3278;1773;1505;1149;399;750;86;" (2)"
"1012132";"Wielgomłyny (2)";4386;2244;2142;792;419;373;2609;1469;1140;985;356;629;123;" (2)"
"1012142";"Żytno (2)";4849;2445;2404;739;371;368;2733;1545;1188;1377;529;848;198;" (2)"
"1013011";"Rawa Mazowiecka (1)";16249;7762;8487;2978;1575;1403;9014;4798;4216;4257;1389;2868;14;" (1)"
"1013023";"Biała Rawska (3)";10997;5448;5549;2107;1072;1035;6424;3510;2914;2466;866;1600;208;" (3)"
"1013032";"Cielądz (2)";3932;1996;1936;797;443;354;2305;1263;1042;830;290;540;93;" (2)"
"1013042";"Rawa Mazowiecka (2)";8650;4306;4344;1737;884;853;5183;2820;2363;1730;602;1128;164;" (2)"
"1013052";"Regnów (2)";1719;877;842;319;172;147;1049;580;469;351;125;226;46;" (2)"
"1013062";"Sadkowice (2)";5202;2638;2564;1002;518;484;2979;1660;1319;1221;460;761;121;" (2)"
"1014011";"Sieradz (1)";39641;18652;20989;6532;3346;3186;22890;12038;10852;10219;3268;6951;51;" (1)"
"1014023";"Błaszki (3)";14120;7044;7076;2674;1388;1286;8361;4586;3775;3085;1070;2015;201;" (3)"
"1014032";"Brąszewice (2)";4362;2205;2157;937;493;444;2646;1442;1204;779;270;509;107;" (2)"
"1014042";"Brzeźnio (2)";6169;3088;3081;1193;621;572;3660;2015;1645;1316;452;864;129;" (2)"
"1014052";"Burzenin (2)";5304;2680;2624;984;517;467;3108;1737;1371;1212;426;786;120;" (2)"
"1014062";"Goszczanów (2)";5182;2595;2587;994;518;476;3035;1681;1354;1153;396;757;122;" (2)"
"1014072";"Klonowa (2)";2783;1395;1388;560;283;277;1619;893;726;604;219;385;95;" (2)"
"1014082";"Sieradz (2)";10750;5420;5330;2166;1125;1041;6478;3544;2934;2106;751;1355;182;" (2)"
"1014093";"Warta (3)";12015;5862;6153;2175;1122;1053;6934;3709;3225;2906;1031;1875;254;" (3)"
"1014102";"Wróblew (2)";5953;2956;2997;1103;565;538;3465;1885;1580;1385;506;879;113;" (2)"
"1014113";"Złoczew (3)";6916;3362;3554;1335;671;664;4082;2163;1919;1499;528;971;117;" (3)"
"1015012";"Bolimów (2)";3909;1920;1989;761;390;371;2237;1221;1016;911;309;602;112;" (2)"
"1015022";"Głuchów (2)";5561;2737;2824;1099;538;561;3208;1751;1457;1254;448;806;111;" (2)"
"1015032";"Godzianów (2)";2587;1325;1262;535;277;258;1500;841;659;552;207;345;44;" (2)"
"1015042";"Kowiesy (2)";2827;1418;1409;543;284;259;1616;882;734;668;252;416;86;" (2)"
"1015052";"Lipce Reymontowskie (2)";3148;1552;1596;598;322;276;1807;976;831;743;254;489;43;" (2)"
"1015062";"Maków (2)";5987;2952;3035;1224;632;592;3525;1917;1608;1238;403;835;81;" (2)"
"1015072";"Nowy Kawęczyn (2)";3386;1718;1668;644;335;309;2006;1108;898;736;275;461;104;" (2)"
"1015082";"Skierniewice (2)";7972;3981;3991;1811;973;838;4658;2496;2162;1503;512;991;131;" (2)"
"1015092";"Słupia (2)";2502;1270;1232;518;293;225;1433;784;649;551;193;358;41;" (2)"
"1016011";"Tomaszów Mazowiecki (1)";58796;27410;31386;9920;5043;4877;32782;17332;15450;16094;5035;11059;42;" (1)"
"1016022";"Będków (2)";3163;1555;1608;567;284;283;1844;1016;828;752;255;497;57;" (2)"
"1016032";"Budziszewice (2)";2098;1016;1082;448;218;230;1231;671;560;419;127;292;30;" (2)"
"1016042";"Czerniewice (2)";4888;2458;2430;1022;532;490;2835;1577;1258;1031;349;682;128;" (2)"
"1016052";"Inowłódz (2)";3660;1760;1900;601;312;289;2059;1118;941;1000;330;670;98;" (2)"
"1016062";"Lubochnia (2)";7320;3625;3695;1626;830;796;4303;2340;1963;1391;455;936;131;" (2)"
"1016072";"Rokiciny (2)";6159;2946;3213;1224;610;614;3487;1867;1620;1448;469;979;91;" (2)"
"1016082";"Rzeczyca (2)";4448;2246;2202;811;410;401;2595;1471;1124;1042;365;677;109;" (2)"
"1016092";"Tomaszów Mazowiecki (2)";11215;5497;5718;2401;1253;1148;6623;3502;3121;2191;742;1449;150;" (2)"
"1016102";"Ujazd (2)";7382;3584;3798;1406;732;674;4227;2272;1955;1749;580;1169;97;" (2)"
"1016112";"Żelechlinek (2)";3174;1559;1615;645;339;306;1799;963;836;730;257;473;92;" (2)"
"1017012";"Biała (2)";5360;2665;2695;1059;544;515;3163;1715;1448;1138;406;732;74;" (2)"
"1017022";"Czarnożyły (2)";4423;2201;2222;834;447;387;2637;1448;1189;952;306;646;70;" (2)"
"1017032";"Konopnica (2)";3586;1752;1834;656;317;339;2026;1121;905;904;314;590;83;" (2)"
"1017042";"Mokrsko (2)";5144;2569;2575;1011;508;503;3041;1696;1345;1092;365;727;78;" (2)"
"1017052";"Osjaków (2)";4652;2355;2297;957;517;440;2672;1461;1211;1023;377;646;101;" (2)"
"1017062";"Ostrówek (2)";4414;2195;2219;782;409;373;2635;1459;1176;997;327;670;101;" (2)"
"1017072";"Pątnów (2)";6256;3117;3139;1218;624;594;3708;2022;1686;1330;471;859;115;" (2)"
"1017082";"Skomlin (2)";3212;1591;1621;661;346;315;1876;1024;852;675;221;454;55;" (2)"
"1017093";"Wieluń (3)";30154;14325;15829;5084;2578;2506;17260;9178;8082;7810;2569;5241;131;" (3)"
"1017102";"Wierzchlas (2)";6458;3218;3240;1207;596;611;3843;2133;1710;1408;489;919;118;" (2)"
"1018012";"Bolesławiec (2)";3969;1970;1999;702;352;350;2373;1315;1058;894;303;591;64;" (2)"
"1018022";"Czastary (2)";3892;1951;1941;753;382;371;2353;1284;1069;786;285;501;63;" (2)"
"1018032";"Galewice (2)";6119;3076;3043;1210;620;590;3708;2030;1678;1201;426;775;136;" (2)"
"1018043";"Lututów (3)";4619;2302;2317;941;491;450;2697;1473;1224;981;338;643;76;" (3)"
"1018052";"Łubnice (2)";3908;1947;1961;699;370;329;2361;1303;1058;848;274;574;61;" (2)"
"1018062";"Sokolniki (2)";4985;2497;2488;961;499;462;2984;1632;1352;1040;366;674;80;" (2)"
"1018073";"Wieruszów (3)";14179;6874;7305;2673;1362;1311;8390;4474;3916;3116;1038;2078;97;" (3)"
"1019011";"Zduńska Wola (1)";39434;18620;20814;6718;3443;3275;22421;11885;10536;10295;3292;7003;25;" (1)"
"1019023";"Szadek (3)";7113;3547;3566;1311;696;615;4143;2266;1877;1659;585;1074;152;" (3)"
"1019032";"Zapolice (2)";5454;2767;2687;1108;579;529;3306;1835;1471;1040;353;687;81;" (2)"
"1019042";"Zduńska Wola (2)";12212;6141;6071;2568;1316;1252;7443;4062;3381;2201;763;1438;111;" (2)"
"1020011";"Głowno (1)";13342;6268;7074;2041;1030;1011;7549;4040;3509;3752;1198;2554;20;" (1)"
"1020021";"Ozorków (1)";18488;8665;9823;3063;1557;1506;10698;5675;5023;4727;1433;3294;15;" (1)"
"1020031";"Zgierz (1)";54550;25430;29120;9046;4598;4448;30965;16171;14794;14539;4661;9878;42;" (1)"
"1020043";"Aleksandrów Łódzki (3)";34527;16638;17889;6993;3658;3335;20318;10620;9698;7216;2360;4856;116;" (3)"
"1020052";"Głowno (2)";4680;2359;2321;849;452;397;2830;1542;1288;1001;365;636;105;" (2)"
"1020062";"Ozorków (2)";7209;3524;3685;1369;714;655;4164;2230;1934;1676;580;1096;96;" (2)"
"1020072";"Parzęczew (2)";5239;2615;2624;1041;524;517;3138;1706;1432;1060;385;675;104;" (2)"
"1020083";"Stryków (3)";12985;6349;6636;2530;1296;1234;7545;4072;3473;2910;981;1929;158;" (3)"
"1020092";"Zgierz (2)";15999;7848;8151;3186;1657;1529;9328;4947;4381;3485;1244;2241;199;" (2)"
"1021011";"Brzeziny (1)";12099;5697;6402;2161;1086;1075;6978;3682;3296;2960;929;2031;22;" (1)"
"1021022";"Brzeziny (2)";6071;2962;3109;1240;651;589;3634;1893;1741;1197;418;779;107;" (2)"
"1021032";"Dmosin (2)";4388;2153;2235;765;393;372;2550;1393;1157;1073;367;706;100;" (2)"
"1021042";"Jeżów (2)";3206;1578;1628;580;302;278;1883;1017;866;743;259;484;64;" (2)"
"1021052";"Rogów (2)";4610;2266;2344;875;460;415;2677;1455;1222;1058;351;707;66;" (2)"
"1061011";"Łódź (1)";664860;303069;361791;98026;50251;47775;377432;194374;183058;189402;58444;130958;293;" (1)"
"1062011";"Piotrków Trybunalski (1)";68270;31941;36329;11617;5966;5651;38511;20224;18287;18142;5751;12391;67;" (1)"
"1063011";"Skierniewice (1)";45933;21839;24094;8271;4268;4003;26017;13758;12259;11645;3813;7832;35;" (1)"
"1201011";"Bochnia (1)";28778;13761;15017;5498;2808;2690;16454;8515;7939;6826;2438;4388;30;" (1)"
"1201022";"Bochnia (2)";20529;10217;10312;4461;2289;2172;12356;6637;5719;3712;1291;2421;132;" (2)"
"1201032";"Drwinia (2)";6483;3210;3273;1273;652;621;3747;2016;1731;1463;542;921;108;" (2)"
"1201042";"Lipnica Murowana (2)";5535;2843;2692;1270;691;579;3331;1819;1512;934;333;601;60;" (2)"
"1201052";"Łapanów (2)";8514;4304;4210;1944;1007;937;5192;2772;2420;1378;525;853;72;" (2)"
"1201063";"Nowy Wiśnicz (3)";14326;7226;7100;3389;1748;1641;8514;4576;3938;2423;902;1521;82;" (3)"
"1201072";"Rzezawa (2)";11367;5611;5756;2437;1207;1230;6957;3728;3229;1973;676;1297;86;" (2)"
"1201082";"Trzciana (2)";5644;2768;2876;1350;660;690;3346;1768;1578;948;340;608;44;" (2)"
"1201092";"Żegocina (2)";5539;2762;2777;1351;712;639;3219;1703;1516;969;347;622;35;" (2)"
"1202012";"Borzęcin (2)";8149;4075;4074;1499;783;716;5030;2728;2302;1620;564;1056;103;" (2)"
"1202023";"Brzesko (3)";35604;17440;18164;6784;3451;3333;21458;11503;9955;7362;2486;4876;103;" (3)"
"1202033";"Czchów (3)";9794;4885;4909;2210;1149;1061;5807;3105;2702;1777;631;1146;66;" (3)"
"1202042";"Dębno (2)";14478;7184;7294;2996;1567;1429;8808;4679;4129;2674;938;1736;82;" (2)"
"1202052";"Gnojnik (2)";8136;4086;4050;1871;997;874;4840;2599;2241;1425;490;935;55;" (2)"
"1202062";"Iwkowa (2)";6577;3244;3333;1575;774;801;3870;2054;1816;1132;416;716;47;" (2)"
"1202072";"Szczurowa (2)";9254;4635;4619;1702;894;808;5604;3035;2569;1948;706;1242;135;" (2)"
"1203013";"Alwernia (3)";12407;6068;6339;2200;1113;1087;7428;3997;3431;2779;958;1821;74;" (3)"
"1203022";"Babice (2)";9038;4382;4656;1578;798;780;5457;2887;2570;2003;697;1306;55;" (2)"
"1203033";"Chrzanów (3)";44850;21429;23421;6959;3585;3374;25662;13739;11923;12229;4105;8124;79;" (3)"
"1203043";"Libiąż (3)";21548;10410;11138;3770;1882;1888;12766;6818;5948;5012;1710;3302;57;" (3)"
"1203053";"Trzebinia (3)";32851;15930;16921;5642;2876;2766;19056;10314;8742;8153;2740;5413;105;" (3)"
"1204012";"Bolesław (2)";2674;1370;1304;391;205;186;1721;962;759;562;203;359;36;" (2)"
"1204023";"Dąbrowa Tarnowska (3)";20930;10314;10616;4007;2065;1942;12755;6797;5958;4168;1452;2716;116;" (3)"
"1204032";"Gręboszów (2)";3235;1600;1635;448;242;206;1981;1070;911;806;288;518;49;" (2)"
"1204042";"Mędrzechów (2)";3380;1653;1727;583;289;294;2037;1089;948;760;275;485;44;" (2)"
"1204052";"Olesno (2)";7684;3800;3884;1484;759;725;4726;2510;2216;1474;531;943;78;" (2)"
"1204062";"Radgoszcz (2)";7447;3766;3681;1533;810;723;4607;2497;2110;1307;459;848;88;" (2)"
"1204073";"Szczucin (3)";12641;6292;6349;2366;1247;1119;7837;4189;3648;2438;856;1582;119;" (3)"
"1205011";"Gorlice (1)";26090;12458;13632;4430;2309;2121;14455;7732;6723;7205;2417;4788;24;" (1)"
"1205023";"Biecz (3)";16319;8061;8258;3132;1612;1520;9693;5238;4455;3494;1211;2283;98;" (3)"
"1205033";"Bobowa (3)";9578;4872;4706;2287;1160;1127;5732;3164;2568;1559;548;1011;50;" (3)"
"1205042";"Gorlice (2)";16992;8482;8510;3353;1709;1644;10308;5609;4699;3331;1164;2167;103;" (2)"
"1205052";"Lipinki (2)";6741;3351;3390;1334;696;638;4028;2184;1844;1379;471;908;66;" (2)"
"1205062";"Łużna (2)";8387;4252;4135;1831;960;871;5084;2796;2288;1472;496;976;56;" (2)"
"1205072";"Moszczenica (2)";4889;2425;2464;1101;550;551;2950;1603;1347;838;272;566;38;" (2)"
"1205082";"Ropa (2)";5530;2775;2755;1314;685;629;3324;1779;1545;892;311;581;49;" (2)"
"1205092";"Sękowa (2)";4893;2411;2482;972;464;508;2924;1584;1340;997;363;634;195;" (2)"
"1205102";"Uście Gorlickie (2)";6859;3466;3393;1549;774;775;4134;2242;1892;1176;450;726;287;" (2)"
"1206012";"Czernichów (2)";15240;7511;7729;3183;1622;1561;9264;4935;4329;2793;954;1839;85;" (2)"
"1206022";"Igołomia-Wawrzeńczyce (2)";7881;3923;3958;1561;821;740;4613;2483;2130;1707;619;1088;63;" (2)"
"1206032";"Iwanowice (2)";9757;4872;4885;2095;1069;1026;5826;3118;2708;1836;685;1151;71;" (2)"
"1206042";"Jerzmanowice-Przeginia (2)";11161;5575;5586;2252;1184;1068;6657;3575;3082;2252;816;1436;68;" (2)"
"1206052";"Kocmyrzów-Luborzyca (2)";17707;8793;8914;3790;1982;1808;10858;5728;5130;3059;1083;1976;81;" (2)"
"1206063";"Krzeszowice (3)";32064;15508;16556;5886;3066;2820;18545;9786;8759;7633;2656;4977;139;" (3)"
"1206072";"Liszki (2)";18189;8927;9262;4056;2081;1975;10858;5741;5117;3275;1105;2170;72;" (2)"
"1206082";"Michałowice (2)";12914;6487;6427;3088;1676;1412;7804;4069;3735;2022;742;1280;51;" (2)"
"1206092";"Mogilany (2)";15994;7823;8171;3717;1892;1825;9729;5017;4712;2548;914;1634;44;" (2)"
"1206103";"Skała (3)";10964;5550;5414;2250;1205;1045;6472;3499;2973;2242;846;1396;75;" (3)"
"1206113";"Skawina (3)";43995;21181;22814;8618;4399;4219;26101;13731;12370;9276;3051;6225;100;" (3)"
"1206123";"Słomniki (3)";13847;6807;7040;2665;1375;1290;8180;4351;3829;3002;1081;1921;113;" (3)"
"1206132";"Sułoszowa (2)";5718;2868;2850;1149;594;555;3336;1811;1525;1233;463;770;53;" (2)"
"1206143";"Świątniki Górne (3)";11021;5430;5591;2453;1262;1191;6648;3515;3133;1920;653;1267;20;" (3)"
"1206152";"Wielka Wieś (2)";15777;7787;7990;3923;2041;1882;9430;4877;4553;2424;869;1555;48;" (2)"
"1206162";"Zabierzów (2)";29126;14159;14967;6183;3224;2959;17055;8882;8173;5888;2053;3835;99;" (2)"
"1206172";"Zielonki (2)";26752;13015;13737;6562;3309;3253;16042;8168;7874;4148;1538;2610;49;" (2)"
"1207011";"Limanowa (1)";14578;7168;7410;3151;1697;1454;8237;4374;3863;3190;1097;2093;19;" (1)"
"1207021";"Mszana Dolna (1)";7831;3767;4064;1594;858;736;4629;2375;2254;1608;534;1074;27;" (1)"
"1207032";"Dobra (2)";10050;5059;4991;2303;1234;1069;6026;3229;2797;1721;596;1125;110;" (2)"
"1207042";"Jodłownik (2)";8736;4394;4342;2134;1045;1089;5079;2782;2297;1523;567;956;72;" (2)"
"1207052";"Kamienica (2)";7809;3885;3924;1898;978;920;4722;2497;2225;1189;410;779;95;" (2)"
"1207062";"Laskowa (2)";8137;4066;4071;2048;1034;1014;4841;2591;2250;1248;441;807;72;" (2)"
"1207072";"Limanowa (2)";25837;12890;12947;6431;3236;3195;15530;8316;7214;3876;1338;2538;152;" (2)"
"1207082";"Łukowica (2)";10154;5064;5090;2614;1364;1250;5927;3118;2809;1613;582;1031;70;" (2)"
"1207092";"Mszana Dolna (2)";17619;9025;8594;4148;2174;1974;10663;5821;4842;2808;1030;1778;170;" (2)"
"1207102";"Niedźwiedź (2)";7304;3687;3617;1755;900;855;4473;2396;2077;1076;391;685;74;" (2)"
"1207112";"Słopnice (2)";6847;3468;3379;1806;929;877;4203;2236;1967;838;303;535;57;" (2)"
"1207122";"Tymbark (2)";6430;3132;3298;1537;748;789;3827;2030;1797;1066;354;712;33;" (2)"
"1208012";"Charsznica (2)";7213;3537;3676;1191;618;573;4152;2249;1903;1870;670;1200;78;" (2)"
"1208022";"Gołcza (2)";5977;3026;2951;1090;566;524;3549;1938;1611;1338;522;816;90;" (2)"
"1208032";"Kozłów (2)";4453;2219;2234;779;386;393;2548;1413;1135;1126;420;706;86;" (2)"
"1208042";"Książ Wielki (2)";4958;2424;2534;913;454;459;2677;1467;1210;1368;503;865;138;" (2)"
"1208053";"Miechów (3)";18914;9120;9794;3251;1643;1608;10852;5768;5084;4811;1709;3102;148;" (3)"
"1208062";"Racławice (2)";2437;1230;1207;492;242;250;1363;766;597;582;222;360;59;" (2)"
"1208072";"Słaboszów (2)";3394;1714;1680;578;309;269;1910;1050;860;906;355;551;77;" (2)"
"1209013";"Dobczyce (3)";15492;7709;7783;3347;1744;1603;9393;4998;4395;2752;967;1785;66;" (3)"
"1209022";"Lubień (2)";10104;4958;5146;2334;1159;1175;6062;3216;2846;1708;583;1125;75;" (2)"
"1209033";"Myślenice (3)";45327;22269;23058;9765;5013;4752;27014;14330;12684;8548;2926;5622;154;" (3)"
"1209042";"Pcim (2)";11128;5532;5596;2464;1233;1231;6644;3565;3079;2020;734;1286;89;" (2)"
"1209052";"Raciechowice (2)";6398;3189;3209;1416;735;681;3815;2045;1770;1167;409;758;61;" (2)"
"1209062";"Siepraw (2)";9500;4770;4730;2187;1162;1025;5754;3065;2689;1559;543;1016;32;" (2)"
"1209073";"Sułkowice (3)";15146;7426;7720;3311;1615;1696;9209;4922;4287;2626;889;1737;60;" (3)"
"1209082";"Tokarnia (2)";8817;4463;4354;2116;1079;1037;5313;2886;2427;1388;498;890;69;" (2)"
"1209092";"Wiśniowa (2)";7479;3726;3753;1738;898;840;4420;2338;2082;1321;490;831;67;" (2)"
"1210011";"Grybów (1)";5982;2859;3123;1239;609;630;3452;1827;1625;1291;423;868;17;" (1)"
"1210022";"Chełmiec (2)";29325;14737;14588;6981;3664;3317;18050;9583;8467;4294;1490;2804;112;" (2)"
"1210032";"Gródek nad Dunajcem (2)";8953;4505;4448;2027;1039;988;5416;2905;2511;1510;561;949;88;" (2)"
"1210042";"Grybów (2)";25249;12672;12577;6409;3266;3143;15012;8082;6930;3828;1324;2504;154;" (2)"
"1210052";"Kamionka Wielka (2)";10432;5166;5266;2585;1314;1271;6355;3363;2992;1492;489;1003;65;" (2)"
"1210062";"Korzenna (2)";14344;7260;7084;3461;1776;1685;8696;4704;3992;2187;780;1407;107;" (2)"
"1210073";"Krynica-Zdrój (3)";15933;7666;8267;3059;1569;1490;9133;4866;4267;3741;1231;2510;145;" (3)"
"1210082";"Łabowa (2)";5959;3060;2899;1526;806;720;3619;1952;1667;814;302;512;119;" (2)"
"1210092";"Łącko (2)";16615;8387;8228;4247;2184;2063;9886;5332;4554;2482;871;1611;132;" (2)"
"1210102";"Łososina Dolna (2)";11106;5531;5575;2792;1407;1385;6539;3489;3050;1775;635;1140;85;" (2)"
"1210113";"Muszyna (3)";11251;5468;5783;2318;1166;1152;6638;3500;3138;2295;802;1493;141;" (3)"
"1210122";"Nawojowa (2)";8760;4327;4433;2180;1076;1104;5300;2817;2483;1280;434;846;50;" (2)"
"1210133";"Piwniczna-Zdrój (3)";10113;4967;5146;2064;1032;1032;6106;3263;2843;1943;672;1271;126;" (3)"
"1210142";"Podegrodzie (2)";13405;6741;6664;3479;1826;1653;8022;4235;3787;1904;680;1224;65;" (2)"
"1210152";"Rytro (2)";3692;1845;1847;777;412;365;2211;1188;1023;704;245;459;42;" (2)"
"1210163";"Stary Sącz (3)";23542;11721;11821;5200;2701;2499;14216;7590;6626;4126;1430;2696;101;" (3)"
"1211011";"Nowy Targ (1)";33130;15673;17457;6014;3091;2923;19815;10168;9647;7301;2414;4887;51;" (1)"
"1211023";"Szczawnica (3)";6828;3303;3525;1252;624;628;4061;2219;1842;1515;460;1055;88;" (3)"
"1211032";"Czarny Dunajec (2)";22102;10874;11228;4452;2287;2165;13623;7181;6442;4027;1406;2621;218;" (2)"
"1211042";"Czorsztyn (2)";7632;3748;3884;1641;816;825;4617;2443;2174;1374;489;885;62;" (2)"
"1211052";"Jabłonka (2)";18941;9299;9642;4544;2278;2266;11524;6058;5466;2873;963;1910;212;" (2)"
"1211062";"Krościenko nad Dunajcem (2)";6705;3246;3459;1456;726;730;3881;2069;1812;1368;451;917;57;" (2)"
"1211072";"Lipnica Wielka (2)";6088;3013;3075;1506;773;733;3666;1909;1757;916;331;585;67;" (2)"
"1211082";"Łapsze Niżne (2)";9221;4601;4620;1853;963;890;5689;3022;2667;1679;616;1063;126;" (2)"
"1211092";"Nowy Targ (2)";24065;11884;12181;5016;2562;2454;14933;7821;7112;4116;1501;2615;208;" (2)"
"1211102";"Ochotnica Dolna (2)";8403;4191;4212;1885;908;977;5178;2783;2395;1340;500;840;141;" (2)"
"1211112";"Raba Wyżna (2)";14507;7180;7327;3106;1568;1538;8830;4732;4098;2571;880;1691;89;" (2)"
"1211123";"Rabka-Zdrój (3)";16757;8019;8738;3073;1579;1494;9863;5177;4686;3821;1263;2558;69;" (3)"
"1211132";"Spytkowice (2)";4664;2306;2358;1086;552;534;2796;1473;1323;782;281;501;32;" (2)"
"1211142";"Szaflary (2)";11189;5560;5629;2430;1246;1184;6874;3643;3231;1885;671;1214;54;" (2)"
"1212011";"Bukowno (1)";9710;4632;5078;1487;767;720;5477;2938;2539;2746;927;1819;65;" (1)"
"1212032";"Bolesław (2)";7648;3695;3953;1278;661;617;4323;2304;2019;2047;730;1317;41;" (2)"
"1212042";"Klucze (2)";14707;7136;7571;2514;1325;1189;8511;4536;3975;3682;1275;2407;119;" (2)"
"1212053";"Olkusz (3)";46611;22495;24116;7981;4102;3879;26457;14132;12325;12173;4261;7912;151;" (3)"
"1212062";"Trzyciąż (2)";6971;3530;3441;1310;685;625;4191;2326;1865;1470;519;951;95;" (2)"
"1212073";"Wolbrom (3)";22220;10869;11351;3832;1964;1868;13231;7110;6121;5157;1795;3362;147;" (3)"
"1213011";"Oświęcim (1)";36580;17275;19305;5982;3116;2866;20581;10919;9662;10017;3240;6777;30;" (1)"
"1213023";"Brzeszcze (3)";20748;10066;10682;3727;1920;1807;12028;6484;5544;4993;1662;3331;46;" (3)"
"1213033";"Chełmek (3)";12478;6135;6343;2094;1079;1015;7345;4004;3341;3039;1052;1987;27;" (3)"
"1213043";"Kęty (3)";33432;16302;17130;6398;3314;3084;19567;10460;9107;7467;2528;4939;76;" (3)"
"1213052";"Osiek (2)";8159;3984;4175;1676;835;841;4929;2605;2324;1554;544;1010;41;" (2)"
"1213062";"Oświęcim (2)";18886;9271;9615;3655;1895;1760;11320;6040;5280;3911;1336;2575;75;" (2)"
"1213072";"Polanka Wielka (2)";4318;2159;2159;875;445;430;2647;1428;1219;796;286;510;24;" (2)"
"1213082";"Przeciszów (2)";6478;3133;3345;1241;613;628;3788;2054;1734;1449;466;983;35;" (2)"
"1213093";"Zator (3)";9113;4502;4611;1759;881;878;5477;2975;2502;1877;646;1231;52;" (3)"
"1214012";"Koniusza (2)";9063;4513;4550;1868;952;916;5345;2889;2456;1850;672;1178;89;" (2)"
"1214023";"Koszyce (3)";5283;2579;2704;836;413;423;3179;1708;1471;1268;458;810;66;" (3)"
"1214033";"Nowe Brzesko (3)";5694;2856;2838;996;534;462;3391;1836;1555;1307;486;821;54;" (3)"
"1214042";"Pałecznica (2)";3522;1766;1756;703;351;352;2017;1117;900;802;298;504;48;" (2)"
"1214053";"Proszowice (3)";15719;7639;8080;2744;1370;1374;9336;5048;4288;3639;1221;2418;100;" (3)"
"1214062";"Radziemice (2)";3241;1638;1603;590;309;281;1931;1078;853;720;251;469;58;" (2)"
"1215011";"Jordanów (1)";5392;2569;2823;1065;544;521;3144;1620;1524;1183;405;778;21;" (1)"
"1215021";"Sucha Beskidzka (1)";8913;4282;4631;1526;793;733;5253;2802;2451;2134;687;1447;28;" (1)"
"1215032";"Budzów (2)";8809;4405;4404;2067;1064;1003;5337;2865;2472;1405;476;929;74;" (2)"
"1215042";"Bystra-Sidzina (2)";6811;3417;3394;1498;760;738;4199;2286;1913;1114;371;743;81;" (2)"
"1215052";"Jordanów (2)";11204;5579;5625;2485;1262;1223;6701;3592;3109;2018;725;1293;92;" (2)"
"1215063";"Maków Podhalański (3)";15829;7797;8032;3115;1616;1499;9475;5059;4416;3239;1122;2117;109;" (3)"
"1215072";"Stryszawa (2)";11958;5873;6085;2378;1190;1188;7171;3844;3327;2409;839;1570;114;" (2)"
"1215082";"Zawoja (2)";8852;4479;4373;1788;961;827;5265;2887;2378;1799;631;1168;128;" (2)"
"1215092";"Zembrzyce (2)";5446;2707;2739;1032;548;484;3279;1749;1530;1135;410;725;39;" (2)"
"1216013";"Ciężkowice (3)";11041;5515;5526;2401;1216;1185;6514;3524;2990;2126;775;1351;103;" (3)"
"1216022";"Gromnik (2)";8742;4368;4374;1916;951;965;5274;2889;2385;1552;528;1024;70;" (2)"
"1216032";"Lisia Góra (2)";15569;7746;7823;3515;1789;1726;9516;5056;4460;2538;901;1637;105;" (2)"
"1216042";"Pleśna (2)";11799;5915;5884;2350;1217;1133;7218;3887;3331;2231;811;1420;83;" (2)"
"1216053";"Radłów (3)";9413;4643;4770;1664;844;820;5873;3150;2723;1876;649;1227;86;" (3)"
"1216063";"Ryglice (3)";11286;5648;5638;2316;1185;1131;6964;3768;3196;2006;695;1311;117;" (3)"
"1216072";"Rzepiennik Strzyżewski (2)";6601;3304;3297;1400;755;645;3930;2095;1835;1271;454;817;71;" (2)"
"1216082";"Skrzyszów (2)";14095;7068;7027;2885;1494;1391;8679;4680;3999;2531;894;1637;86;" (2)"
"1216092";"Tarnów (2)";26276;12910;13366;5194;2661;2533;16213;8552;7661;4869;1697;3172;83;" (2)"
"1216103";"Tuchów (3)";17180;8494;8686;3352;1697;1655;10395;5604;4791;3433;1193;2240;100;" (3)"
"1216112";"Wierzchosławice (2)";10611;5242;5369;1998;1036;962;6372;3422;2950;2241;784;1457;75;" (2)"
"1216122";"Wietrzychowice (2)";3794;1909;1885;564;289;275;2372;1308;1064;858;312;546;48;" (2)"
"1216133";"Wojnicz (3)";13079;6479;6600;2574;1321;1253;7976;4265;3711;2529;893;1636;79;" (3)"
"1216143";"Zakliczyn (3)";12418;6199;6219;2676;1368;1308;7460;4047;3413;2282;784;1498;122;" (3)"
"1216153";"Żabno (3)";18555;9100;9455;3259;1701;1558;11542;6122;5420;3754;1277;2477;102;" (3)"
"1216162";"Szerzyny (2)";7579;3814;3765;1509;799;710;4516;2467;2049;1554;548;1006;82;" (2)"
"1217011";"Zakopane (1)";25562;11939;13623;4128;2107;2021;14668;7629;7039;6766;2203;4563;84;" (1)"
"1217022";"Biały Dunajec (2)";6860;3348;3512;1424;737;687;4227;2217;2010;1209;394;815;35;" (2)"
"1217032";"Bukowina Tatrzańska (2)";13495;6703;6792;2963;1532;1431;8122;4325;3797;2410;846;1564;132;" (2)"
"1217042";"Kościelisko (2)";9026;4416;4610;1811;922;889;5510;2911;2599;1705;583;1122;137;" (2)"
"1217052";"Poronin (2)";11758;5811;5947;2671;1421;1250;7110;3731;3379;1977;659;1318;84;" (2)"
"1218013";"Andrychów (3)";42458;20792;21666;8465;4335;4130;24955;13500;11455;9038;2957;6081;100;" (3)"
"1218022";"Brzeźnica (2)";10759;5284;5475;2298;1167;1131;6475;3462;3013;1986;655;1331;66;" (2)"
"1218033";"Kalwaria Zebrzydowska (3)";19903;9854;10049;3994;2041;1953;11974;6440;5534;3935;1373;2562;75;" (3)"
"1218042";"Lanckorona (2)";6265;3060;3205;1312;663;649;3801;2016;1785;1152;381;771;40;" (2)"
"1218052";"Mucharz (2)";4142;2048;2094;890;462;428;2442;1318;1124;810;268;542;37;" (2)"
"1218062";"Spytkowice (2)";10185;4966;5219;2095;1058;1037;6268;3319;2949;1822;589;1233;52;" (2)"
"1218072";"Stryszów (2)";6853;3437;3416;1385;735;650;4222;2283;1939;1246;419;827;46;" (2)"
"1218082";"Tomice (2)";8185;4023;4162;1847;934;913;4923;2588;2335;1415;501;914;42;" (2)"
"1218093";"Wadowice (3)";36948;17867;19081;6996;3641;3355;21720;11507;10213;8232;2719;5513;113;" (3)"
"1218102";"Wieprz (2)";12532;6326;6206;2868;1503;1365;7526;4077;3449;2138;746;1392;75;" (2)"
"1219012";"Biskupice (2)";11437;5597;5840;2666;1374;1292;6850;3577;3273;1921;646;1275;41;" (2)"
"1219022";"Gdów (2)";18514;9258;9256;4074;2117;1957;11198;5976;5222;3242;1165;2077;109;" (2)"
"1219032";"Kłaj (2)";11060;5492;5568;2231;1199;1032;6580;3510;3070;2249;783;1466;65;" (2)"
"1219043";"Niepołomice (3)";32304;15780;16524;7550;3903;3647;19334;10008;9326;5420;1869;3551;96;" (3)"
"1219053";"Wieliczka (3)";66976;32722;34254;14901;7706;7195;40310;21022;19288;11765;3994;7771;100;" (3)"
"1261011";"Kraków (1)";802583;374815;427768;129469;66361;63108;494135;249122;245013;178979;59332;119647;327;" (1)"
"1262011";"Nowy Sącz (1)";80979;38711;42268;15494;7979;7515;47130;24643;22487;18355;6089;12266;58;" (1)"
"1263011";"Tarnów (1)";105014;49405;55609;16251;8345;7906;60746;32053;28693;28017;9007;19010;72;" (1)"
"1401013";"Białobrzegi (3)";9848;4833;5015;1958;1034;924;5601;3031;2570;2289;768;1521;78;" (3)"
"1401022";"Promna (2)";5487;2786;2701;1131;587;544;3171;1753;1418;1185;446;739;120;" (2)"
"1401032";"Radzanów (2)";3784;1924;1860;811;417;394;2222;1234;988;751;273;478;83;" (2)"
"1401042";"Stara Błotnica (2)";5459;2754;2705;1269;631;638;3296;1796;1500;894;327;567;96;" (2)"
"1401052";"Stromiec (2)";5447;2810;2637;1121;584;537;3299;1852;1447;1027;374;653;156;" (2)"
"1401063";"Wyśmierzyce (3)";2687;1363;1324;515;244;271;1631;922;709;541;197;344;106;" (3)"
"1402011";"Ciechanów (1)";42449;20240;22209;7255;3703;3552;24345;13024;11321;10849;3513;7336;33;" (1)"
"1402022";"Ciechanów (2)";7389;3690;3699;1596;779;817;4506;2457;2049;1287;454;833;141;" (2)"
"1402033";"Glinojeck (3)";7275;3681;3594;1408;728;680;4314;2435;1879;1553;518;1035;154;" (3)"
"1402042";"Gołymin-Ośrodek (2)";3556;1792;1764;720;361;359;2103;1188;915;733;243;490;111;" (2)"
"1402052";"Grudusk (2)";3393;1676;1717;644;318;326;1970;1089;881;779;269;510;97;" (2)"
"1402062";"Ojrzeń (2)";4150;2126;2024;826;437;389;2482;1373;1109;842;316;526;120;" (2)"
"1402072";"Opinogóra Górna (2)";5820;3011;2809;1155;642;513;3517;1973;1544;1148;396;752;139;" (2)"
"1402082";"Regimin (2)";4751;2409;2342;937;491;446;2848;1575;1273;966;343;623;111;" (2)"
"1402092";"Sońsk (2)";7436;3794;3642;1494;783;711;4351;2459;1892;1591;552;1039;154;" (2)"
"1403011";"Garwolin (1)";17296;8276;9020;3922;1993;1929;9703;5056;4647;3671;1227;2444;22;" (1)"
"1403021";"Łaskarzew (1)";4547;2258;2289;871;443;428;2698;1483;1215;978;332;646;15;" (1)"
"1403032";"Borowie (2)";4973;2548;2425;1024;543;481;2931;1651;1280;1018;354;664;80;" (2)"
"1403042";"Garwolin (2)";13338;6600;6738;3293;1638;1655;7811;4185;3626;2234;777;1457;136;" (2)"
"1403052";"Górzno (2)";6659;3345;3314;1597;842;755;3877;2095;1782;1185;408;777;91;" (2)"
"1403062";"Łaskarzew (2)";5290;2634;2656;1171;591;580;3183;1721;1462;936;322;614;88;" (2)"
"1403072";"Maciejowice (2)";6511;3356;3155;1244;663;581;3840;2163;1677;1427;530;897;175;" (2)"
"1403082";"Miastków Kościelny (2)";4633;2344;2289;1002;521;481;2687;1496;1191;944;327;617;85;" (2)"
"1403092";"Parysów (2)";4131;2079;2052;1015;510;505;2401;1332;1069;715;237;478;64;" (2)"
"1403103";"Pilawa (3)";10584;5252;5332;2371;1238;1133;6221;3388;2833;1992;626;1366;77;" (3)"
"1403112";"Sobolew (2)";7864;3897;3967;1781;910;871;4538;2461;2077;1545;526;1019;95;" (2)"
"1403122";"Trojanów (2)";7133;3498;3635;1466;745;721;4160;2233;1927;1507;520;987;152;" (2)"
"1403132";"Wilga (2)";5104;2550;2554;990;537;453;3013;1634;1379;1101;379;722;118;" (2)"
"1403143";"Żelechów (3)";7897;3952;3945;1744;897;847;4584;2541;2043;1569;514;1055;87;" (3)"
"1404011";"Gostynin (1)";17498;8188;9310;2823;1405;1418;9963;5319;4644;4712;1464;3248;32;" (1)"
"1404022";"Gostynin (2)";11787;5906;5881;2246;1158;1088;7120;3873;3247;2421;875;1546;271;" (2)"
"1404032";"Pacyna (2)";3366;1687;1679;539;285;254;1924;1099;825;903;303;600;90;" (2)"
"1404043";"Sanniki (3)";5716;2760;2956;1031;515;516;3315;1790;1525;1370;455;915;95;" (3)"
"1404052";"Szczawin Kościelny (2)";4703;2348;2355;840;450;390;2833;1541;1292;1030;357;673;127;" (2)"
"1405011";"Milanówek (1)";16520;7744;8776;3094;1558;1536;9263;4783;4480;4163;1403;2760;13;" (1)"
"1405021";"Podkowa Leśna (1)";3859;1829;2030;665;348;317;2041;1034;1007;1153;447;706;10;" (1)"
"1405032";"Baranów (2)";5541;2794;2747;1213;659;554;3251;1764;1487;1077;371;706;76;" (2)"
"1405043";"Grodzisk Mazowiecki (3)";53496;25656;27840;12280;6312;5968;31195;16041;15154;10021;3303;6718;107;" (3)"
"1405052";"Jaktorów (2)";13147;6380;6767;2913;1484;1429;7742;4052;3690;2492;844;1648;55;" (2)"
"1405062";"Żabia Wola (2)";10543;5265;5278;2486;1295;1191;6299;3330;2969;1758;640;1118;106;" (2)"
"1406012";"Belsk Duży (2)";6287;3087;3200;1141;562;579;3632;1962;1670;1514;563;951;108;" (2)"
"1406022";"Błędów (2)";7118;3511;3607;1254;641;613;4138;2249;1889;1726;621;1105;134;" (2)"
"1406032";"Chynów (2)";10122;5088;5034;2103;1089;1014;5946;3269;2677;2073;730;1343;135;" (2)"
"1406042";"Goszczyn (2)";2875;1502;1373;623;340;283;1656;939;717;596;223;373;58;" (2)"
"1406053";"Grójec (3)";26232;12649;13583;5329;2758;2571;15252;8012;7240;5651;1879;3772;121;" (3)"
"1406062";"Jasieniec (2)";5352;2680;2672;1087;548;539;3152;1714;1438;1113;418;695;108;" (2)"
"1406073";"Mogielnica (3)";8300;4156;4144;1460;765;695;4738;2607;2131;2102;784;1318;141;" (3)"
"1406083";"Nowe Miasto nad Pilicą (3)";7294;3511;3783;1234;639;595;3969;2180;1789;2091;692;1399;159;" (3)"
"1406092";"Pniewy (2)";4813;2438;2375;1019;530;489;2779;1522;1257;1015;386;629;102;" (2)"
"1406113";"Warka (3)";19335;9435;9900;3910;2003;1907;11229;6021;5208;4196;1411;2785;202;" (3)"
"1407012";"Garbatka-Letnisko (2)";4817;2378;2439;807;423;384;2770;1541;1229;1240;414;826;74;" (2)"
"1407022";"Głowaczów (2)";6767;3439;3328;1322;700;622;3990;2232;1758;1455;507;948;186;" (2)"
"1407032";"Gniewoszów (2)";3813;1890;1923;695;368;327;2172;1196;976;946;326;620;84;" (2)"
"1407042";"Grabów nad Pilicą (2)";4044;2087;1957;825;441;384;2399;1343;1056;820;303;517;125;" (2)"
"1407053";"Kozienice (3)";28220;13660;14560;4805;2446;2359;15846;8596;7250;7569;2618;4951;244;" (3)"
"1407062";"Magnuszew (2)";6473;3261;3212;1315;670;645;3788;2102;1686;1370;489;881;141;" (2)"
"1407072";"Sieciechów (2)";3779;1834;1945;658;340;318;2253;1213;1040;868;281;587;62;" (2)"
"1408011";"Legionowo (1)";52995;25017;27978;10272;5272;5000;29959;15459;14500;12764;4286;8478;14;" (1)"
"1408022";"Jabłonna (2)";22605;11151;11454;5607;2890;2717;13721;7090;6631;3277;1171;2106;65;" (2)"
"1408032";"Nieporęt (2)";16806;8160;8646;3904;2029;1875;9704;4984;4720;3198;1147;2051;96;" (2)"
"1408043";"Serock (3)";16905;8308;8597;3701;1922;1779;9919;5202;4717;3285;1184;2101;110;" (3)"
"1408052";"Wieliszew (2)";19526;9649;9877;4980;2539;2441;11647;6082;5565;2899;1028;1871;106;" (2)"
"1409012";"Chotcza (2)";2244;1099;1145;371;180;191;1306;742;564;567;177;390;90;" (2)"
"1409022";"Ciepielów (2)";5277;2629;2648;1005;513;492;3113;1725;1388;1159;391;768;135;" (2)"
"1409033";"Lipsko (3)";10249;5053;5196;1659;858;801;5866;3258;2608;2724;937;1787;135;" (3)"
"1409042";"Rzeczniów (2)";4092;2063;2029;729;373;356;2380;1347;1033;983;343;640;103;" (2)"
"1409052";"Sienno (2)";5606;2809;2797;1054;535;519;3133;1763;1370;1419;511;908;147;" (2)"
"1409063";"Solec nad Wisłą (3)";4623;2242;2381;781;390;391;2518;1400;1118;1324;452;872;130;" (3)"
"1410012";"Huszlew (2)";2678;1374;1304;545;295;250;1510;859;651;623;220;403;118;" (2)"
"1410023";"Łosice (3)";10612;5204;5408;2068;1062;1006;6027;3295;2732;2517;847;1670;121;" (3)"
"1410032";"Olszanka (2)";2777;1392;1385;573;296;277;1547;857;690;657;239;418;88;" (2)"
"1410042";"Platerów (2)";4537;2273;2264;872;428;444;2627;1500;1127;1038;345;693;129;" (2)"
"1410052";"Sarnaki (2)";4278;2119;2159;665;335;330;2438;1377;1061;1175;407;768;197;" (2)"
"1410062";"Stara Kornica (2)";4463;2280;2183;858;438;420;2604;1475;1129;1001;367;634;119;" (2)"
"1411011";"Maków Mazowiecki (1)";9106;4279;4827;1619;790;829;5076;2676;2400;2411;813;1598;10;" (1)"
"1411022";"Czerwonka (2)";2553;1304;1249;528;282;246;1530;859;671;495;163;332;110;" (2)"
"1411032";"Karniewo (2)";4904;2462;2442;962;470;492;2914;1633;1281;1028;359;669;129;" (2)"
"1411042";"Krasnosielc (2)";5983;2977;3006;1244;630;614;3533;1941;1592;1206;406;800;168;" (2)"
"1411052";"Młynarze (2)";1626;835;791;336;166;170;968;560;408;322;109;213;75;" (2)"
"1411062";"Płoniawy-Bramura (2)";5016;2545;2471;925;497;428;2926;1644;1282;1165;404;761;135;" (2)"
"1411073";"Różan (3)";4292;2073;2219;836;419;417;2437;1292;1145;1019;362;657;85;" (3)"
"1411082";"Rzewnie (2)";2446;1267;1179;457;236;221;1383;805;578;606;226;380;112;" (2)"
"1411092";"Sypniewo (2)";2996;1568;1428;587;312;275;1719;1003;716;690;253;437;128;" (2)"
"1411102";"Szelków (2)";3544;1822;1722;699;367;332;2065;1171;894;780;284;496;113;" (2)"
"1412011";"Mińsk Mazowiecki (1)";40333;19139;21194;8334;4280;4054;23520;12160;11360;8479;2699;5780;13;" (1)"
"1412042";"Cegłów (2)";6116;3067;3049;1130;583;547;3488;1941;1547;1498;543;955;96;" (2)"
"1412052";"Dębe Wielkie (2)";11514;5744;5770;2811;1450;1361;6846;3671;3175;1857;623;1234;78;" (2)"
"1412062";"Dobre (2)";5883;2982;2901;1219;614;605;3425;1911;1514;1239;457;782;125;" (2)"
"1412073";"Halinów (3)";17984;8816;9168;4308;2208;2100;10718;5619;5099;2958;989;1969;63;" (3)"
"1412082";"Jakubów (2)";5094;2549;2545;1154;598;556;3008;1627;1381;932;324;608;87;" (2)"
"1412093";"Kałuszyn (3)";5566;2791;2775;1086;569;517;3196;1767;1429;1284;455;829;94;" (3)"
"1412102";"Latowicz (2)";5204;2613;2591;1110;596;514;3022;1660;1362;1072;357;715;114;" (2)"
"1412112";"Mińsk Mazowiecki (2)";16625;8274;8351;3882;2008;1874;10035;5337;4698;2708;929;1779;112;" (2)"
"1412123";"Mrozy (3)";8646;4245;4401;1757;874;883;5044;2742;2302;1845;629;1216;145;" (3)"
"1412132";"Siennica (2)";7614;3787;3827;1669;850;819;4354;2358;1996;1591;579;1012;111;" (2)"
"1412142";"Stanisławów (2)";7004;3494;3510;1524;775;749;4118;2244;1874;1362;475;887;107;" (2)"
"1412151";"Sulejówek (1)";21253;10159;11094;4292;2192;2100;12230;6366;5864;4731;1601;3130;19;" (1)"
"1413011";"Mława (1)";30869;14700;16169;5783;2909;2874;18267;9671;8596;6819;2120;4699;35;" (1)"
"1413022";"Dzierzgowo (2)";2825;1436;1389;534;269;265;1650;933;717;641;234;407;151;" (2)"
"1413032";"Lipowiec Kościelny (2)";4542;2221;2321;849;411;438;2729;1496;1233;964;314;650;114;" (2)"
"1413042";"Radzanów (2)";3038;1523;1515;588;307;281;1829;1021;808;621;195;426;99;" (2)"
"1413052";"Strzegowo (2)";7159;3601;3558;1360;693;667;4176;2339;1837;1623;569;1054;214;" (2)"
"1413062";"Stupsk (2)";4508;2234;2274;872;438;434;2733;1499;1234;903;297;606;118;" (2)"
"1413072";"Szreńsk (2)";3838;1869;1969;751;372;379;2296;1245;1051;791;252;539;109;" (2)"
"1413082";"Szydłowo (2)";4256;2154;2102;836;430;406;2600;1448;1152;820;276;544;123;" (2)"
"1413092";"Wieczfnia Kościelna (2)";3719;1887;1832;738;386;352;2246;1252;994;735;249;486;120;" (2)"
"1413102";"Wiśniewo (2)";5102;2626;2476;1040;551;489;3108;1763;1345;954;312;642;99;" (2)"
"1414011";"Nowy Dwór Mazowiecki (1)";28586;13691;14895;5320;2798;2522;16865;8813;8052;6401;2080;4321;28;" (1)"
"1414022";"Czosnów (2)";10935;5374;5561;2262;1177;1085;6353;3394;2959;2320;803;1517;128;" (2)"
"1414032";"Leoncin (2)";5586;2731;2855;1128;546;582;3213;1721;1492;1245;464;781;158;" (2)"
"1414043";"Nasielsk (3)";19374;9708;9666;3892;2048;1844;11630;6352;5278;3852;1308;2544;206;" (3)"
"1414052";"Pomiechówek (2)";9316;4543;4773;1745;865;880;5312;2856;2456;2259;822;1437;103;" (2)"
"1414063";"Zakroczym (3)";5954;2965;2989;1035;541;494;3536;1934;1602;1383;490;893;72;" (3)"
"1415012";"Baranowo (2)";6070;3075;2995;1142;602;540;3724;2095;1629;1204;378;826;197;" (2)"
"1415022";"Czarnia (2)";2270;1177;1093;467;236;231;1435;816;619;368;125;243;94;" (2)"
"1415032";"Czerwin (2)";4793;2425;2368;920;503;417;2741;1521;1220;1132;401;731;170;" (2)"
"1415042";"Goworowo (2)";7926;4054;3872;1564;810;754;4655;2636;2019;1707;608;1099;219;" (2)"
"1415052";"Kadzidło (2)";11061;5619;5442;2320;1194;1126;6865;3797;3068;1876;628;1248;259;" (2)"
"1415062";"Lelis (2)";9852;5000;4852;2329;1191;1138;6091;3329;2762;1432;480;952;196;" (2)"
"1415072";"Łyse (2)";8214;4145;4069;1828;937;891;5098;2766;2332;1288;442;846;247;" (2)"
"1415083";"Myszyniec (3)";10136;5135;5001;2097;1079;1018;6290;3487;2803;1749;569;1180;227;" (3)"
"1415092";"Olszewo-Borki (2)";10960;5534;5426;2418;1257;1161;6784;3692;3092;1758;585;1173;197;" (2)"
"1415102";"Rzekuń (2)";11657;5901;5756;2740;1416;1324;7058;3854;3204;1859;631;1228;131;" (2)"
"1415112";"Troszyn (2)";4557;2303;2254;911;448;463;2641;1492;1149;1005;363;642;156;" (2)"
"1416011";"Ostrów Mazowiecka (1)";21834;10337;11497;3946;1995;1951;12698;6682;6016;5190;1660;3530;22;" (1)"
"1416022";"Andrzejewo (2)";3843;1942;1901;717;354;363;2207;1232;975;919;356;563;119;" (2)"
"1416032";"Boguty-Pianki (2)";2445;1247;1198;446;224;222;1406;807;599;593;216;377;89;" (2)"
"1416043";"Brok (3)";2606;1310;1296;458;238;220;1498;836;662;650;236;414;110;" (3)"
"1416052";"Małkinia Górna (2)";10934;5406;5528;2007;1052;955;6367;3511;2856;2560;843;1717;134;" (2)"
"1416062";"Nur (2)";2555;1298;1257;406;213;193;1447;826;621;702;259;443;96;" (2)"
"1416072";"Ostrów Mazowiecka (2)";12743;6408;6335;2617;1377;1240;7604;4193;3411;2522;838;1684;283;" (2)"
"1416082";"Stary Lubotyń (2)";3601;1808;1793;765;390;375;2099;1145;954;737;273;464;110;" (2)"
"1416092";"Szulborze Wielkie (2)";1557;801;756;313;158;155;898;508;390;346;135;211;47;" (2)"
"1416102";"Wąsewo (2)";4020;1998;2022;765;385;380;2298;1254;1044;957;359;598;119;" (2)"
"1416112";"Zaręby Kościelne (2)";3362;1735;1627;639;344;295;1964;1125;839;759;266;493;89;" (2)"
"1417011";"Józefów (1)";20998;9935;11063;4570;2332;2238;11601;5951;5650;4827;1652;3175;24;" (1)"
"1417021";"Otwock (1)";44333;20868;23465;8314;4278;4036;25227;13162;12065;10792;3428;7364;47;" (1)"
"1417032";"Celestynów (2)";11645;5651;5994;2402;1192;1210;6731;3607;3124;2512;852;1660;89;" (2)"
"1417043";"Karczew (3)";15868;7626;8242;3071;1516;1555;8970;4823;4147;3827;1287;2540;81;" (3)"
"1417052";"Kołbiel (2)";8337;4082;4255;1780;895;885;4827;2604;2223;1730;583;1147;107;" (2)"
"1417062";"Osieck (2)";3639;1779;1860;816;402;414;2064;1110;954;759;267;492;68;" (2)"
"1417072";"Sobienie-Jeziory (2)";6236;3091;3145;1284;637;647;3570;1962;1608;1382;492;890;98;" (2)"
"1417082";"Wiązowna (2)";15393;7519;7874;3817;1950;1867;8782;4597;4185;2794;972;1822;102;" (2)"
"1418013";"Góra Kalwaria (3)";28218;13758;14460;5850;3069;2781;16543;8686;7857;5825;2003;3822;144;" (3)"
"1418023";"Konstancin-Jeziorna (3)";25165;11950;13215;4634;2339;2295;14125;7420;6705;6406;2191;4215;79;" (3)"
"1418032";"Lesznowola (2)";35219;17217;18002;9679;4959;4720;21100;10660;10440;4440;1598;2842;69;" (2)"
"1418043";"Piaseczno (3)";95740;45762;49978;21792;11245;10547;57390;28836;28554;16558;5681;10877;128;" (3)"
"1418052";"Prażmów (2)";12892;6275;6617;2951;1471;1480;7693;3994;3699;2248;810;1438;87;" (2)"
"1418063";"Tarczyn (3)";12209;5989;6220;2609;1339;1270;7065;3760;3305;2535;890;1645;114;" (3)"
"1419012";"Bielsk (2)";8916;4439;4477;1734;871;863;5487;2975;2512;1695;593;1102;125;" (2)"
"1419022";"Bodzanów (2)";7895;3935;3960;1446;708;738;4670;2580;2090;1779;647;1132;136;" (2)"
"1419032";"Brudzeń Duży (2)";8231;4075;4156;1647;839;808;5010;2690;2320;1574;546;1028;159;" (2)"
"1419042";"Bulkowo (2)";5277;2586;2691;1015;502;513;3181;1719;1462;1081;365;716;117;" (2)"
"1419053";"Drobin (3)";7416;3690;3726;1509;790;719;4445;2424;2021;1462;476;986;144;" (3)"
"1419063";"Gąbin (3)";11062;5402;5660;2042;1066;976;6588;3510;3078;2432;826;1606;146;" (3)"
"1419072";"Łąck (2)";5359;2571;2788;1029;491;538;3231;1718;1513;1099;362;737;94;" (2)"
"1419082";"Mała Wieś (2)";5717;2830;2887;1015;517;498;3449;1900;1549;1253;413;840;109;" (2)"
"1419092";"Nowy Duninów (2)";3946;1948;1998;728;382;346;2384;1291;1093;834;275;559;146;" (2)"
"1419102";"Radzanowo (2)";8568;4301;4267;1799;954;845;5245;2814;2431;1524;533;991;104;" (2)"
"1419112";"Słubice (2)";4166;2095;2071;770;401;369;2468;1355;1113;928;339;589;96;" (2)"
"1419122";"Słupno (2)";8841;4450;4391;2033;1094;939;5315;2795;2520;1493;561;932;75;" (2)"
"1419132";"Stara Biała (2)";12222;6106;6116;2593;1304;1289;7592;4062;3530;2037;740;1297;111;" (2)"
"1419142";"Staroźreby (2)";6860;3429;3431;1279;674;605;4224;2317;1907;1357;438;919;138;" (2)"
"1419153";"Wyszogród (3)";5295;2617;2678;945;456;489;3061;1689;1372;1289;472;817;96;" (3)"
"1420011";"Płońsk (1)";21733;10157;11576;4016;2018;1998;12373;6464;5909;5344;1675;3669;12;" (1)"
"1420021";"Raciąż (1)";4069;1971;2098;706;363;343;2442;1323;1119;921;285;636;8;" (1)"
"1420032";"Baboszewo (2)";7512;3768;3744;1495;778;717;4496;2467;2029;1521;523;998;162;" (2)"
"1420043";"Czerwińsk nad Wisłą (3)";7228;3598;3630;1336;700;636;4209;2293;1916;1683;605;1078;144;" (3)"
"1420052";"Dzierzążnia (2)";3404;1697;1707;608;305;303;2056;1144;912;740;248;492;102;" (2)"
"1420062";"Joniec (2)";2733;1332;1401;526;254;272;1551;833;718;656;245;411;73;" (2)"
"1420072";"Naruszewo (2)";6041;3038;3003;1190;624;566;3514;1954;1560;1337;460;877;160;" (2)"
"1420082";"Nowe Miasto (2)";4579;2293;2286;854;443;411;2661;1464;1197;1064;386;678;118;" (2)"
"1420092";"Płońsk (2)";8266;4119;4147;1709;866;843;5142;2763;2379;1415;490;925;127;" (2)"
"1420102";"Raciąż (2)";7976;4067;3909;1467;760;707;4743;2678;2065;1766;629;1137;244;" (2)"
"1420113";"Sochocin (3)";5709;2840;2869;1098;554;544;3325;1829;1496;1286;457;829;122;" (3)"
"1420122";"Załuski (2)";5546;2770;2776;1058;559;499;3304;1792;1512;1184;419;765;108;" (2)"
"1421011";"Piastów (1)";23140;10935;12205;4304;2256;2048;13072;6741;6331;5764;1938;3826;6;" (1)"
"1421021";"Pruszków (1)";65333;30727;34606;13248;6781;6467;38376;19585;18791;13709;4361;9348;19;" (1)"
"1421033";"Brwinów (3)";29643;14289;15354;6680;3447;3233;17107;8832;8275;5856;2010;3846;69;" (3)"
"1421042";"Michałowice (2)";19123;9201;9922;4066;2081;1985;10728;5521;5207;4329;1599;2730;35;" (2)"
"1421052";"Nadarzyn (2)";17151;8361;8790;4064;2059;2005;10162;5259;4903;2925;1043;1882;73;" (2)"
"1421062";"Raszyn (2)";22803;10989;11814;4729;2429;2300;13085;6812;6273;4989;1748;3241;44;" (2)"
"1422011";"Przasnysz (1)";16544;7921;8623;3189;1614;1575;9286;4959;4327;4069;1348;2721;25;" (1)"
"1422023";"Chorzele (3)";9419;4832;4587;2014;1075;939;5648;3184;2464;1757;573;1184;371;" (3)"
"1422032";"Czernice Borowe (2)";3569;1843;1726;706;358;348;2060;1184;876;803;301;502;120;" (2)"
"1422042";"Jednorożec (2)";6675;3355;3320;1387;694;693;4118;2291;1827;1170;370;800;233;" (2)"
"1422052";"Krasne (2)";3370;1685;1685;671;349;322;1917;1061;856;782;275;507;101;" (2)"
"1422062";"Krzynowłoga Mała (2)";3269;1686;1583;711;373;338;1890;1064;826;668;249;419;185;" (2)"
"1422072";"Przasnysz (2)";6978;3524;3454;1496;777;719;4140;2282;1858;1342;465;877;184;" (2)"
"1423012";"Borkowice (2)";4076;2041;2035;750;377;373;2346;1316;1030;980;348;632;86;" (2)"
"1423022";"Gielniów (2)";4323;2142;2181;825;416;409;2442;1371;1071;1056;355;701;79;" (2)"
"1423032";"Klwów (2)";3145;1567;1578;597;285;312;1826;1019;807;722;263;459;87;" (2)"
"1423042";"Odrzywół (2)";3426;1732;1694;613;305;308;1999;1144;855;814;283;531;99;" (2)"
"1423052";"Potworów (2)";4014;2012;2002;823;426;397;2438;1317;1121;753;269;484;82;" (2)"
"1423063";"Przysucha (3)";11117;5393;5724;1836;976;860;6366;3504;2862;2915;913;2002;182;" (3)"
"1423072";"Rusinów (2)";4070;2027;2043;777;395;382;2424;1343;1081;869;289;580;83;" (2)"
"1423082";"Wieniawa (2)";5119;2558;2561;1036;515;521;3026;1685;1341;1057;358;699;103;" (2)"
"1424012";"Gzy (2)";3607;1885;1722;696;390;306;2090;1193;897;821;302;519;104;" (2)"
"1424022";"Obryte (2)";4403;2260;2143;804;427;377;2580;1470;1110;1019;363;656;140;" (2)"
"1424032";"Pokrzywnica (2)";5142;2589;2553;1065;563;502;3013;1645;1368;1064;381;683;121;" (2)"
"1424043";"Pułtusk (3)";24217;11613;12604;4735;2395;2340;14153;7501;6652;5329;1717;3612;134;" (3)"
"1424052";"Świercze (2)";4485;2253;2232;891;458;433;2737;1504;1233;857;291;566;93;" (2)"
"1424062";"Winnica (2)";4016;2001;2015;905;477;428;2349;1278;1071;762;246;516;115;" (2)"
"1424072";"Zatory (2)";4726;2369;2357;959;479;480;2847;1573;1274;920;317;603;120;" (2)"
"1425011";"Pionki (1)";16564;7805;8759;2508;1262;1246;9286;4999;4287;4770;1544;3226;18;" (1)"
"1425022";"Gózd (2)";9201;4623;4578;2182;1145;1037;5630;3007;2623;1389;471;918;78;" (2)"
"1425033";"Iłża (3)";13875;6803;7072;2434;1300;1134;7870;4286;3584;3571;1217;2354;256;" (3)"
"1425042";"Jastrzębia (2)";7130;3603;3527;1629;856;773;4235;2300;1935;1266;447;819;90;" (2)"
"1425052";"Jedlińsk (2)";14548;7359;7189;3324;1747;1577;8754;4762;3992;2470;850;1620;139;" (2)"
"1425062";"Jedlnia-Letnisko (2)";13463;6651;6812;2851;1457;1394;8025;4300;3725;2587;894;1693;66;" (2)"
"1425072";"Kowala (2)";12380;6177;6203;2807;1459;1348;7628;4042;3586;1945;676;1269;75;" (2)"
"1425082";"Pionki (2)";9698;4831;4867;1828;929;899;5949;3276;2673;1921;626;1295;230;" (2)"
"1425092";"Przytyk (2)";7081;3538;3543;1555;777;778;4223;2299;1924;1303;462;841;134;" (2)"
"1425103";"Skaryszew (3)";15252;7574;7678;3600;1831;1769;9262;4917;4345;2390;826;1564;171;" (3)"
"1425112";"Wierzbica (2)";9360;4777;4583;1881;985;896;5646;3173;2473;1833;619;1214;94;" (2)"
"1425122";"Wolanów (2)";8967;4510;4457;1989;1038;951;5490;2961;2529;1488;511;977;83;" (2)"
"1425132";"Zakrzew (2)";13692;6831;6861;3263;1639;1624;8300;4441;3859;2129;751;1378;96;" (2)"
"1426012";"Domanice (2)";2498;1245;1253;548;283;265;1486;804;682;464;158;306;47;" (2)"
"1426022";"Korczew (2)";2418;1230;1188;366;200;166;1345;779;566;707;251;456;105;" (2)"
"1426032";"Kotuń (2)";8177;4032;4145;1726;876;850;4795;2596;2199;1656;560;1096;151;" (2)"
"1426042";"Mokobody (2)";4841;2488;2353;979;509;470;2841;1607;1234;1021;372;649;119;" (2)"
"1426053";"Mordy (3)";5445;2667;2778;1014;507;507;3101;1701;1400;1330;459;871;170;" (3)"
"1426062";"Paprotnia (2)";2390;1244;1146;482;247;235;1396;806;590;512;191;321;81;" (2)"
"1426072";"Przesmyki (2)";2858;1424;1434;476;219;257;1625;928;697;757;277;480;117;" (2)"
"1426082";"Siedlce (2)";19360;9635;9725;4544;2327;2217;11448;6114;5334;3368;1194;2174;141;" (2)"
"1426092";"Skórzec (2)";8096;4058;4038;1871;953;918;4883;2628;2255;1342;477;865;119;" (2)"
"1426102";"Suchożebry (2)";4660;2351;2309;955;494;461;2743;1516;1227;962;341;621;101;" (2)"
"1426112";"Wiśniew (2)";5688;2892;2796;1212;648;564;3485;1888;1597;991;356;635;126;" (2)"
"1426122";"Wodynie (2)";4226;2121;2105;833;440;393;2447;1369;1078;946;312;634;115;" (2)"
"1426132";"Zbuczyn (2)";9812;4951;4861;2226;1133;1093;5716;3146;2570;1870;672;1198;211;" (2)"
"1427011";"Sierpc (1)";17199;8149;9050;2990;1528;1462;9821;5212;4609;4388;1409;2979;19;" (1)"
"1427022";"Gozdowo (2)";5736;2908;2828;1141;586;555;3454;1916;1538;1141;406;735;126;" (2)"
"1427032";"Mochowo (2)";5603;2827;2776;1064;528;536;3508;1952;1556;1031;347;684;144;" (2)"
"1427042";"Rościszewo (2)";3842;1935;1907;743;376;367;2346;1308;1038;753;251;502;115;" (2)"
"1427052";"Sierpc (2)";6675;3402;3273;1367;721;646;4095;2267;1828;1213;414;799;150;" (2)"
"1427062";"Szczutowo (2)";4039;2033;2006;780;407;373;2419;1346;1073;840;280;560;113;" (2)"
"1427072";"Zawidz (2)";5984;3001;2983;1072;538;534;3668;2038;1630;1244;425;819;185;" (2)"
"1428011";"Sochaczew (1)";34139;16101;18038;5867;2964;2903;19631;10372;9259;8641;2765;5876;26;" (1)"
"1428022";"Brochów (2)";4425;2205;2220;893;463;430;2555;1391;1164;977;351;626;120;" (2)"
"1428032";"Iłów (2)";5986;2969;3017;1211;597;614;3484;1904;1580;1291;468;823;129;" (2)"
"1428042";"Młodzieszyn (2)";5555;2780;2775;1083;559;524;3290;1790;1500;1182;431;751;118;" (2)"
"1428052";"Nowa Sucha (2)";6790;3367;3423;1470;787;683;4030;2161;1869;1290;419;871;90;" (2)"
"1428062";"Rybno (2)";3404;1673;1731;733;367;366;2003;1075;928;668;231;437;73;" (2)"
"1428072";"Sochaczew (2)";11739;5890;5849;2687;1386;1301;7118;3849;3269;1934;655;1279;91;" (2)"
"1428082";"Teresin (2)";11617;5719;5898;2376;1193;1183;6783;3668;3115;2458;858;1600;88;" (2)"
"1429011";"Sokołów Podlaski (1)";18502;8785;9717;3516;1777;1739;10540;5547;4993;4446;1461;2985;18;" (1)"
"1429022";"Bielany (2)";3537;1814;1723;721;375;346;2026;1136;890;790;303;487;110;" (2)"
"1429032";"Ceranów (2)";1879;968;911;293;147;146;1074;634;440;512;187;325;111;" (2)"
"1429042";"Jabłonna Lacka (2)";4242;2041;2201;714;348;366;2416;1297;1119;1112;396;716;149;" (2)"
"1429053";"Kosów Lacki (3)";5482;2831;2651;937;502;435;3197;1850;1347;1348;479;869;200;" (3)"
"1429062";"Repki (2)";4732;2420;2312;806;417;389;2728;1538;1190;1198;465;733;168;" (2)"
"1429072";"Sabnie (2)";3390;1728;1662;584;310;274;1881;1090;791;925;328;597;108;" (2)"
"1429082";"Sokołów Podlaski (2)";5843;2979;2864;1159;595;564;3381;1903;1478;1303;481;822;137;" (2)"
"1429092";"Sterdyń (2)";3486;1743;1743;567;277;290;1954;1131;823;965;335;630;130;" (2)"
"1430012";"Chlewiska (2)";5610;2813;2797;957;504;453;3360;1891;1469;1293;418;875;124;" (2)"
"1430022";"Jastrząb (2)";5128;2521;2607;1045;537;508;3122;1671;1451;961;313;648;55;" (2)"
"1430032";"Mirów (2)";3770;1987;1783;848;458;390;2304;1319;985;618;210;408;53;" (2)"
"1430042";"Orońsko (2)";5954;3020;2934;1272;675;597;3585;1961;1624;1097;384;713;82;" (2)"
"1430053";"Szydłowiec (3)";17548;8583;8965;3038;1554;1484;10276;5634;4642;4234;1395;2839;138;" (3)"
"1432013";"Błonie (3)";22147;10613;11534;4532;2300;2232;12666;6708;5958;4949;1605;3344;86;" (3)"
"1432022";"Izabelin (2)";10760;5168;5592;2047;1024;1023;6179;3258;2921;2534;886;1648;65;" (2)"
"1432032";"Kampinos (2)";4466;2227;2239;828;434;394;2677;1436;1241;961;357;604;85;" (2)"
"1432042";"Leszno (2)";10928;5288;5640;2279;1144;1135;6369;3350;3019;2280;794;1486;125;" (2)"
"1432053";"Łomianki (3)";30939;14962;15977;6959;3556;3403;18025;9261;8764;5955;2145;3810;39;" (3)"
"1432063";"Ożarów Mazowiecki (3)";30129;14560;15569;7288;3767;3521;17714;9125;8589;5127;1668;3459;71;" (3)"
"1432072";"Stare Babice (2)";22181;10844;11337;5224;2729;2495;12691;6603;6088;4266;1512;2754;63;" (2)"
"1433011";"Węgrów (1)";11911;5674;6237;2248;1126;1122;6821;3634;3187;2842;914;1928;36;" (1)"
"1433022";"Grębków (2)";4276;2180;2096;888;450;438;2395;1340;1055;993;390;603;131;" (2)"
"1433032";"Korytnica (2)";5594;2879;2715;1076;555;521;3175;1819;1356;1343;505;838;180;" (2)"
"1433042";"Liw (2)";7202;3619;3583;1420;734;686;4181;2312;1869;1601;573;1028;169;" (2)"
"1433053";"Łochów (3)";17376;8633;8743;3575;1873;1702;10090;5464;4626;3711;1296;2415;196;" (3)"
"1433062";"Miedzna (2)";3653;1821;1832;673;340;333;2032;1148;884;948;333;615;116;" (2)"
"1433072";"Sadowne (2)";5561;2756;2805;1074;556;518;3154;1748;1406;1333;452;881;145;" (2)"
"1433082";"Stoczek (2)";4586;2341;2245;882;461;421;2597;1484;1113;1107;396;711;145;" (2)"
"1433092";"Wierzbno (2)";2496;1299;1197;470;239;231;1362;808;554;664;252;412;103;" (2)"
"1434011";"Kobyłka (1)";27580;13307;14273;6752;3432;3320;16579;8464;8115;4249;1411;2838;20;" (1)"
"1434021";"Marki (1)";43164;20970;22194;10952;5583;5369;26745;13575;13170;5467;1812;3655;26;" (1)"
"1434031";"Ząbki (1)";44325;21389;22936;10959;5611;5348;28029;14017;14012;5337;1761;3576;11;" (1)"
"1434041";"Zielonka (1)";18179;8645;9534;3587;1816;1771;10479;5424;5055;4113;1405;2708;79;" (1)"
"1434052";"Dąbrówka (2)";8484;4261;4223;1956;1024;932;4966;2669;2297;1562;568;994;109;" (2)"
"1434062";"Jadów (2)";7141;3603;3538;1433;788;645;4124;2292;1832;1584;523;1061;117;" (2)"
"1434072";"Klembów (2)";10873;5381;5492;2588;1328;1260;6491;3456;3035;1794;597;1197;86;" (2)"
"1434082";"Poświętne (2)";6396;3189;3207;1471;739;732;3856;2079;1777;1069;371;698;104;" (2)"
"1434093";"Radzymin (3)";30302;14840;15462;7576;3875;3701;17915;9357;8558;4811;1608;3203;129;" (3)"
"1434102";"Strachówka (2)";2633;1305;1328;538;258;280;1521;851;670;574;196;378;108;" (2)"
"1434113";"Tłuszcz (3)";20087;9878;10209;4351;2279;2072;12057;6398;5659;3679;1201;2478;103;" (3)"
"1434123";"Wołomin (3)";51396;24433;26963;10173;5159;5014;29916;15574;14342;11307;3700;7607;62;" (3)"
"1435012";"Brańszczyk (2)";8251;4079;4172;1671;829;842;4761;2626;2135;1819;624;1195;167;" (2)"
"1435022";"Długosiodło (2)";7489;3789;3700;1540;800;740;4451;2475;1976;1498;514;984;167;" (2)"
"1435032";"Rząśnik (2)";6851;3458;3393;1494;798;696;4113;2253;1860;1244;407;837;167;" (2)"
"1435042";"Somianka (2)";5605;2858;2747;1216;656;560;3251;1802;1449;1138;400;738;118;" (2)"
"1435053";"Wyszków (3)";39383;19315;20068;8240;4318;3922;23245;12391;10854;7898;2606;5292;165;" (3)"
"1435062";"Zabrodzie (2)";6128;3043;3085;1385;704;681;3574;1940;1634;1169;399;770;92;" (2)"
"1436012";"Kazanów (2)";4332;2216;2116;879;459;420;2564;1438;1126;889;319;570;95;" (2)"
"1436022";"Policzna (2)";5218;2621;2597;911;451;460;3099;1762;1337;1208;408;800;113;" (2)"
"1436032";"Przyłęk (2)";5859;2917;2942;1060;533;527;3494;1930;1564;1305;454;851;131;" (2)"
"1436042";"Tczów (2)";4824;2450;2374;1061;551;510;2884;1594;1290;879;305;574;72;" (2)"
"1436053";"Zwoleń (3)";14499;7095;7404;2736;1461;1275;8479;4549;3930;3284;1085;2199;162;" (3)"
"1437013";"Bieżuń (3)";4691;2321;2370;842;429;413;2798;1539;1259;1051;353;698;121;" (3)"
"1437022";"Kuczbork-Osada (2)";4351;2182;2169;842;421;421;2527;1420;1107;982;341;641;122;" (2)"
"1437033";"Lubowidz (3)";6395;3136;3259;1202;606;596;3790;2046;1744;1403;484;919;192;" (3)"
"1437042";"Lutocin (2)";4044;2033;2011;763;375;388;2400;1344;1056;881;314;567;126;" (2)"
"1437052";"Siemiątkowo (2)";3259;1651;1608;675;336;339;1883;1062;821;701;253;448;113;" (2)"
"1437063";"Żuromin (3)";13572;6580;6992;2471;1260;1211;8018;4300;3718;3083;1020;2063;133;" (3)"
"1438011";"Żyrardów (1)";39069;18329;20740;7111;3698;3413;22151;11527;10624;9807;3104;6703;14;" (1)"
"1438023";"Mszczonów (3)";11384;5521;5863;2259;1168;1091;6723;3540;3183;2402;813;1589;152;" (3)"
"1438032";"Puszcza Mariańska (2)";8787;4349;4438;1784;899;885;5092;2778;2314;1911;672;1239;143;" (2)"
"1438042";"Radziejowice (2)";6273;3106;3167;1415;733;682;3664;1940;1724;1194;433;761;73;" (2)"
"1438053";"Wiskitki (3)";10101;5020;5081;1959;989;970;6083;3284;2799;2059;747;1312;151;" (3)"
"1461011";"Ostrołęka (1)";49275;23337;25938;8990;4545;4445;28058;14792;13266;12227;4000;8227;33;" (1)"
"1462011";"Płock (1)";113660;53439;60221;18860;9743;9117;65250;34002;31248;29550;9694;19856;88;" (1)"
"1463011";"Radom (1)";199904;94637;105267;34294;17587;16707;114683;60960;53723;50927;16090;34837;112;" (1)"
"1464011";"Siedlce (1)";76005;35964;40041;15099;7745;7354;43052;22400;20652;17854;5819;12035;32;" (1)"
"1465011";"M.st.Warszawa od 2002 (1)";1863056;859701;1003355;329321;168826;160495;1116294;555011;561283;417441;135864;281577;517;" (1)"
"1601011";"Brzeg (1)";34177;16215;17962;5520;2896;2624;19727;10448;9279;8930;2871;6059;15;" (1)"
"1601022";"Skarbimierz (2)";8539;4270;4269;1828;952;876;5341;2846;2495;1370;472;898;110;" (2)"
"1601033";"Grodków (3)";18269;8976;9293;3256;1642;1614;10776;5887;4889;4237;1447;2790;286;" (3)"
"1601043";"Lewin Brzeski (3)";12580;6199;6381;2213;1168;1045;7665;4120;3545;2702;911;1791;160;" (3)"
"1601052";"Lubsza (2)";8967;4463;4504;1691;860;831;5322;2899;2423;1954;704;1250;212;" (2)"
"1601062";"Olszanka (2)";4780;2392;2388;931;471;460;2837;1577;1260;1012;344;668;93;" (2)"
"1602013";"Baborów (3)";5786;2826;2960;895;437;458;3587;1942;1645;1304;447;857;117;" (3)"
"1602022";"Branice (2)";6343;3177;3166;878;463;415;3774;2140;1634;1691;574;1117;122;" (2)"
"1602033";"Głubczyce (3)";21284;10406;10878;3588;1819;1769;12220;6697;5523;5476;1890;3586;294;" (3)"
"1602043";"Kietrz (3)";10194;5030;5164;1583;835;748;6111;3348;2763;2500;847;1653;140;" (3)"
"1603011";"Kędzierzyn-Koźle (1)";56033;26691;29342;8432;4380;4052;33022;17517;15505;14579;4794;9785;124;" (1)"
"1603022";"Bierawa (2)";7530;3634;3896;1316;677;639;4574;2399;2175;1640;558;1082;119;" (2)"
"1603032";"Cisek (2)";5392;2587;2805;929;445;484;3299;1760;1539;1164;382;782;71;" (2)"
"1603042";"Pawłowiczki (2)";7121;3516;3605;1128;580;548;4446;2413;2033;1547;523;1024;153;" (2)"
"1603052";"Polska Cerekiew (2)";3788;1850;1938;546;286;260;2363;1274;1089;879;290;589;60;" (2)"
"1603062";"Reńska Wieś (2)";8119;3965;4154;1405;713;692;5135;2742;2393;1579;510;1069;98;" (2)"
"1604013";"Byczyna (3)";8811;4393;4418;1524;816;708;5434;2948;2486;1853;629;1224;183;" (3)"
"1604023";"Kluczbork (3)";34570;16622;17948;5461;2786;2675;20524;10977;9547;8585;2859;5726;217;" (3)"
"1604032";"Lasowice Wielkie (2)";6416;3161;3255;1000;523;477;4133;2199;1934;1283;439;844;211;" (2)"
"1604043";"Wołczyn (3)";12517;6288;6229;2017;1085;932;7670;4232;3438;2830;971;1859;241;" (3)"
"1605013";"Gogolin (3)";11699;5675;6024;2170;1118;1052;7269;3834;3435;2260;723;1537;101;" (3)"
"1605023";"Krapkowice (3)";21817;10415;11402;3399;1657;1742;13097;6972;6125;5321;1786;3535;97;" (3)"
"1605032";"Strzeleczki (2)";7230;3482;3748;1244;635;609;4568;2386;2182;1418;461;957;118;" (2)"
"1605042";"Walce (2)";5199;2485;2714;873;436;437;3264;1717;1547;1062;332;730;69;" (2)"
"1605053";"Zdzieszowice (3)";14328;7015;7313;2274;1162;1112;8818;4741;4077;3236;1112;2124;57;" (3)"
"1606012";"Domaszowice (2)";3505;1718;1787;657;342;315;2015;1085;930;833;291;542;114;" (2)"
"1606023";"Namysłów (3)";26456;12808;13648;5061;2623;2438;15296;8112;7184;6099;2073;4026;290;" (3)"
"1606032";"Pokój (2)";5086;2492;2594;876;465;411;3105;1656;1449;1105;371;734;133;" (2)"
"1606042";"Świerczów (2)";3112;1585;1527;510;291;219;1866;1046;820;736;248;488;110;" (2)"
"1606052";"Wilków (2)";4235;2142;2093;792;410;382;2631;1459;1172;812;273;539;101;" (2)"
"1607013";"Głuchołazy (3)";22775;11020;11755;3492;1815;1677;13458;7294;6164;5825;1911;3914;168;" (3)"
"1607022";"Kamiennik (2)";3236;1598;1638;528;266;262;1965;1086;879;743;246;497;89;" (2)"
"1607033";"Korfantów (3)";8516;4233;4283;1409;709;700;5288;2908;2380;1819;616;1203;180;" (3)"
"1607042";"Łambinowice (2)";7294;3584;3710;1181;565;616;4465;2414;2051;1648;605;1043;124;" (2)"
"1607053";"Nysa (3)";54758;26172;28586;8580;4402;4178;31585;16830;14755;14593;4940;9653;218;" (3)"
"1607063";"Otmuchów (3)";12962;6356;6606;2141;1119;1022;7690;4142;3548;3131;1095;2036;187;" (3)"
"1607073";"Paczków (3)";11680;5731;5949;1853;935;918;6912;3826;3086;2915;970;1945;80;" (3)"
"1607082";"Pakosławice (2)";3381;1711;1670;518;270;248;2124;1170;954;739;271;468;74;" (2)"
"1607092";"Skoroszyce (2)";5965;2989;2976;1086;569;517;3582;1978;1604;1297;442;855;104;" (2)"
"1608013";"Dobrodzień (3)";9188;4431;4757;1507;749;758;5735;3037;2698;1946;645;1301;163;" (3)"
"1608023";"Gorzów Śląski (3)";7047;3492;3555;1191;627;564;4367;2344;2023;1489;521;968;154;" (3)"
"1608033";"Olesno (3)";17313;8274;9039;2760;1429;1331;10651;5565;5086;3902;1280;2622;241;" (3)"
"1608043";"Praszka (3)";13039;6376;6663;2261;1179;1082;7158;3846;3312;3620;1351;2269;103;" (3)"
"1608052";"Radłów (2)";4110;1998;2112;740;376;364;2578;1358;1220;792;264;528;116;" (2)"
"1608062";"Rudniki (2)";7770;3824;3946;1411;751;660;4453;2425;2028;1906;648;1258;100;" (2)"
"1608072";"Zębowice (2)";3487;1769;1718;555;297;258;2287;1269;1018;645;203;442;96;" (2)"
"1609012";"Chrząstowice (2)";7016;3488;3528;1308;697;611;4284;2285;1999;1424;506;918;82;" (2)"
"1609022";"Dąbrowa (2)";8166;4065;4101;1488;766;722;4959;2693;2266;1719;606;1113;114;" (2)"
"1609032";"Dobrzeń Wielki (2)";9160;4445;4715;1767;911;856;5724;2976;2748;1669;558;1111;64;" (2)"
"1609042";"Komprachcice (2)";9204;4464;4740;1544;819;725;5698;2964;2734;1962;681;1281;51;" (2)"
"1609052";"Łubniany (2)";10028;4874;5154;1863;936;927;6283;3312;2971;1882;626;1256;126;" (2)"
"1609062";"Murów (2)";5107;2524;2583;774;394;380;3196;1719;1477;1137;411;726;160;" (2)"
"1609073";"Niemodlin (3)";12691;6185;6506;2152;1118;1034;7636;4106;3530;2903;961;1942;183;" (3)"
"1609083";"Ozimek (3)";18561;9034;9527;2858;1432;1426;11429;6098;5331;4274;1504;2770;126;" (3)"
"1609092";"Popielów (2)";7744;3771;3973;1281;648;633;4656;2497;2159;1807;626;1181;176;" (2)"
"1609103";"Prószków (3)";8855;4230;4625;1636;839;797;5429;2822;2607;1790;569;1221;118;" (3)"
"1609112";"Tarnów Opolski (2)";9367;4522;4845;1600;800;800;5887;3097;2790;1880;625;1255;82;" (2)"
"1609123";"Tułowice (3)";4989;2425;2564;845;434;411;2867;1542;1325;1277;449;828;81;" (3)"
"1609132";"Turawa (2)";9887;4816;5071;1796;924;872;6082;3209;2873;2009;683;1326;171;" (2)"
"1610013";"Biała (3)";10037;4814;5223;1775;912;863;6120;3204;2916;2142;698;1444;196;" (3)"
"1610023";"Głogówek (3)";12825;6271;6554;2187;1131;1056;7872;4199;3673;2766;941;1825;170;" (3)"
"1610032";"Lubrza (2)";4162;2027;2135;787;389;398;2466;1317;1149;909;321;588;84;" (2)"
"1610043";"Prudnik (3)";25494;12195;13299;4155;2136;2019;14782;7918;6864;6557;2141;4416;122;" (3)"
"1611012";"Izbicko (2)";5254;2573;2681;984;523;461;3232;1707;1525;1038;343;695;85;" (2)"
"1611022";"Jemielnica (2)";7021;3439;3582;1269;647;622;4395;2334;2061;1357;458;899;112;" (2)"
"1611033";"Kolonowskie (3)";5738;2767;2971;939;470;469;3504;1868;1636;1295;429;866;84;" (3)"
"1611043";"Leśnica (3)";7562;3671;3891;1303;660;643;4688;2509;2179;1571;502;1069;95;" (3)"
"1611053";"Strzelce Opolskie (3)";29529;14436;15093;4964;2525;2439;17879;9637;8242;6686;2274;4412;203;" (3)"
"1611063";"Ujazd (3)";6350;3145;3205;1276;683;593;3955;2087;1868;1119;375;744;83;" (3)"
"1611073";"Zawadzkie (3)";10657;5201;5456;1588;782;806;6697;3601;3096;2372;818;1554;82;" (3)"
"1661011";"Opole (1)";126775;59276;67499;20407;10448;9959;74389;38146;36243;31979;10682;21297;149;" (1)"
"1801032";"Czarna (2)";2394;1192;1202;452;220;232;1492;800;692;450;172;278;185;" (2)"
"1801052";"Lutowiska (2)";2021;1017;1004;299;150;149;1301;701;600;421;166;255;475;" (2)"
"1801083";"Ustrzyki Dolne (3)";16525;8090;8435;2890;1467;1423;9904;5327;4577;3731;1296;2435;479;" (3)"
"1802013";"Brzozów (3)";26126;12737;13389;5196;2647;2549;15510;8285;7225;5420;1805;3615;103;" (3)"
"1802022";"Domaradz (2)";5857;2948;2909;1164;601;563;3535;1930;1605;1158;417;741;56;" (2)"
"1802032";"Dydnia (2)";7619;3813;3806;1388;716;672;4697;2565;2132;1534;532;1002;130;" (2)"
"1802042";"Haczów (2)";9057;4517;4540;1797;950;847;5357;2873;2484;1903;694;1209;72;" (2)"
"1802052";"Jasienica Rosielna (2)";7619;3748;3871;1643;837;806;4589;2446;2143;1387;465;922;57;" (2)"
"1802062";"Nozdrzec (2)";7640;3791;3849;1342;691;651;4557;2490;2067;1741;610;1131;121;" (2)"
"1803011";"Dębica (1)";43698;21074;22624;7567;3949;3618;25469;13597;11872;10662;3528;7134;34;" (1)"
"1803023";"Brzostek (3)";12736;6380;6356;2566;1321;1245;7806;4242;3564;2364;817;1547;122;" (3)"
"1803032";"Czarna (2)";13376;6649;6727;2920;1504;1416;8120;4361;3759;2336;784;1552;148;" (2)"
"1803042";"Dębica (2)";25693;12798;12895;5351;2739;2612;15683;8468;7215;4659;1591;3068;138;" (2)"
"1803052";"Jodłowa (2)";5279;2661;2618;1082;524;558;3203;1790;1413;994;347;647;60;" (2)"
"1803063";"Pilzno (3)";18213;9122;9091;3808;1924;1884;11063;6003;5060;3342;1195;2147;165;" (3)"
"1803072";"Żyraków (2)";14335;7201;7134;3110;1586;1524;8840;4789;4051;2385;826;1559;110;" (2)"
"1804011";"Jarosław (1)";35945;16850;19095;5799;2941;2858;20734;10855;9879;9412;3054;6358;35;" (1)"
"1804021";"Radymno (1)";5066;2486;2580;874;456;418;3088;1655;1433;1104;375;729;14;" (1)"
"1804032";"Chłopice (2)";5335;2695;2640;976;502;474;3230;1800;1430;1129;393;736;49;" (2)"
"1804042";"Jarosław (2)";13141;6449;6692;2612;1321;1291;8014;4277;3737;2515;851;1664;113;" (2)"
"1804052";"Laszki (2)";6677;3366;3311;1311;664;647;4038;2237;1801;1328;465;863;138;" (2)"
"1804062";"Pawłosiów (2)";8480;4156;4324;1628;818;810;5189;2795;2394;1663;543;1120;47;" (2)"
"1804073";"Pruchnik (3)";9337;4630;4707;1821;918;903;5737;3092;2645;1779;620;1159;80;" (3)"
"1804082";"Radymno (2)";10985;5507;5478;2069;1101;968;6790;3683;3107;2126;723;1403;182;" (2)"
"1804092";"Rokietnica (2)";4207;2105;2102;822;423;399;2563;1397;1166;822;285;537;57;" (2)"
"1804102";"Roźwienica (2)";6180;3085;3095;1256;634;622;3783;2069;1714;1141;382;759;69;" (2)"
"1804112";"Wiązownica (2)";11662;5777;5885;2455;1260;1195;7144;3828;3316;2063;689;1374;245;" (2)"
"1805011";"Jasło (1)";33463;15946;17517;5278;2738;2540;19481;10376;9105;8704;2832;5872;37;" (1)"
"1805022";"Brzyska (2)";6348;3162;3186;1278;638;640;3949;2124;1825;1121;400;721;45;" (2)"
"1805032";"Dębowiec (2)";8789;4392;4397;1752;904;848;5331;2877;2454;1706;611;1095;86;" (2)"
"1805042";"Jasło (2)";16027;7931;8096;2979;1557;1422;9806;5288;4518;3242;1086;2156;93;" (2)"
"1805053";"Kołaczyce (3)";8665;4355;4310;1604;849;755;5401;2935;2466;1660;571;1089;61;" (3)"
"1805062";"Krempna (2)";1736;899;837;290;133;157;1079;624;455;367;142;225;205;" (2)"
"1805072";"Nowy Żmigród (2)";8793;4415;4378;1622;846;776;5333;2952;2381;1838;617;1221;104;" (2)"
"1805082";"Osiek Jasielski (2)";5220;2594;2626;1050;534;516;3189;1745;1444;981;315;666;60;" (2)"
"1805092";"Skołyszyn (2)";12117;6018;6099;2218;1155;1063;7389;3961;3428;2510;902;1608;78;" (2)"
"1805112";"Tarnowiec (2)";9027;4463;4564;1671;869;802;5439;2958;2481;1917;636;1281;62;" (2)"
"1806012";"Cmolas (2)";8025;4030;3995;1599;809;790;5003;2727;2276;1423;494;929;134;" (2)"
"1806023";"Kolbuszowa (3)";24365;11886;12479;4338;2262;2076;15096;7940;7156;4931;1684;3247;171;" (3)"
"1806032";"Majdan Królewski (2)";9694;4860;4834;1891;986;905;6038;3261;2777;1765;613;1152;155;" (2)"
"1806042";"Niwiska (2)";6197;3120;3077;1333;715;618;3755;2005;1750;1109;400;709;95;" (2)"
"1806052";"Raniżów (2)";6960;3586;3374;1375;711;664;4272;2362;1910;1313;513;800;97;" (2)"
"1806062";"Dzikowiec (2)";6333;3170;3163;1218;605;613;3986;2156;1830;1129;409;720;122;" (2)"
"1807012";"Chorkówka (2)";13505;6680;6825;2662;1372;1290;8147;4384;3763;2696;924;1772;77;" (2)"
"1807023";"Dukla (3)";14023;6885;7138;2595;1302;1293;8365;4553;3812;3063;1030;2033;235;" (3)"
"1807033";"Iwonicz-Zdrój (3)";10432;5225;5207;2058;1055;1003;6194;3414;2780;2180;756;1424;46;" (3)"
"1807043";"Jedlicze (3)";15005;7333;7672;2915;1484;1431;8780;4777;4003;3310;1072;2238;59;" (3)"
"1807052";"Korczyna (2)";11148;5528;5620;2227;1109;1118;6635;3593;3042;2286;826;1460;93;" (2)"
"1807062";"Krościenko Wyżne (2)";5408;2718;2690;1075;576;499;3257;1759;1498;1076;383;693;15;" (2)"
"1807072";"Miejsce Piastowe (2)";13371;6501;6870;2496;1273;1223;8028;4247;3781;2847;981;1866;51;" (2)"
"1807083";"Rymanów (3)";15394;7560;7834;3069;1578;1491;8943;4793;4150;3382;1189;2193;167;" (3)"
"1807092";"Wojaszówka (2)";9248;4507;4741;1796;903;893;5519;2938;2581;1933;666;1267;83;" (2)"
"1807102";"Jaśliska (2)";2099;1037;1062;393;195;198;1259;700;559;447;142;305;166;" (2)"
"1808011";"Leżajsk (1)";13019;6238;6781;1954;999;955;7589;4048;3541;3476;1191;2285;21;" (1)"
"1808022";"Grodzisko Dolne (2)";7812;3872;3940;1516;761;755;4729;2538;2191;1567;573;994;79;" (2)"
"1808032";"Kuryłówka (2)";5543;2824;2719;1097;560;537;3397;1896;1501;1049;368;681;142;" (2)"
"1808042";"Leżajsk (2)";19956;9905;10051;3968;2026;1942;12306;6616;5690;3682;1263;2419;198;" (2)"
"1808053";"Nowa Sarzyna (3)";21109;10484;10625;4061;2096;1965;12844;6965;5879;4204;1423;2781;144;" (3)"
"1809011";"Lubaczów (1)";11515;5460;6055;1917;971;946;6810;3608;3202;2788;881;1907;26;" (1)"
"1809023";"Cieszanów (3)";6860;3429;3431;1155;589;566;4157;2293;1864;1548;547;1001;219;" (3)"
"1809032";"Horyniec-Zdrój (2)";4431;2194;2237;727;380;347;2637;1452;1185;1067;362;705;203;" (2)"
"1809042";"Lubaczów (2)";8998;4529;4469;1743;904;839;5644;3086;2558;1611;539;1072;203;" (2)"
"1809053";"Narol (3)";7660;3956;3704;1259;664;595;4623;2614;2009;1778;678;1100;203;" (3)"
"1809063";"Oleszyce (3)";6170;3069;3101;1192;614;578;3718;2036;1682;1260;419;841;152;" (3)"
"1809072";"Stary Dzików (2)";4050;2026;2024;698;344;354;2467;1366;1101;885;316;569;156;" (2)"
"1809082";"Wielkie Oczy (2)";3690;1834;1856;684;336;348;2296;1255;1041;710;243;467;146;" (2)"
"1810011";"Łańcut (1)";17691;8525;9166;3260;1729;1531;10121;5327;4794;4310;1469;2841;19;" (1)"
"1810022";"Białobrzegi (2)";8684;4302;4382;1872;948;924;5212;2802;2410;1600;552;1048;56;" (2)"
"1810032";"Czarna (2)";11962;5880;6082;2528;1315;1213;7287;3878;3409;2147;687;1460;78;" (2)"
"1810042";"Łańcut (2)";21772;10788;10984;4615;2386;2229;12829;6883;5946;4328;1519;2809;107;" (2)"
"1810052";"Markowa (2)";6366;3149;3217;1284;663;621;3791;2068;1723;1291;418;873;69;" (2)"
"1810062";"Rakszawa (2)";7296;3645;3651;1545;831;714;4339;2335;2004;1412;479;933;66;" (2)"
"1810072";"Żołynia (2)";7025;3492;3533;1506;781;725;4182;2236;1946;1337;475;862;57;" (2)"
"1811011";"Mielec (1)";57801;27742;30059;9848;5050;4798;33329;17741;15588;14624;4951;9673;47;" (1)"
"1811022";"Borowa (2)";5322;2646;2676;1014;510;504;3248;1770;1478;1060;366;694;56;" (2)"
"1811032";"Czermin (2)";7039;3555;3484;1520;789;731;4336;2343;1993;1183;423;760;80;" (2)"
"1811042";"Gawłuszowice (2)";2709;1317;1392;558;249;309;1610;862;748;541;206;335;34;" (2)"
"1811052";"Mielec (2)";13551;6818;6733;2750;1437;1313;8316;4490;3826;2485;891;1594;123;" (2)"
"1811062";"Padew Narodowa (2)";5182;2571;2611;1010;515;495;3044;1629;1415;1128;427;701;71;" (2)"
"1811073";"Przecław (3)";11996;6005;5991;2730;1395;1335;7215;3891;3324;2051;719;1332;134;" (3)"
"1811083";"Radomyśl Wielki (3)";14230;7153;7077;3077;1610;1467;8728;4671;4057;2425;872;1553;160;" (3)"
"1811092";"Tuszów Narodowy (2)";8295;4148;4147;1792;919;873;5047;2710;2337;1456;519;937;89;" (2)"
"1811102";"Wadowice Górne (2)";7589;3834;3755;1642;853;789;4698;2575;2123;1249;406;843;87;" (2)"
"1812012";"Harasiuki (2)";5812;2903;2909;1009;508;501;3640;2026;1614;1163;369;794;169;" (2)"
"1812022";"Jarocin (2)";5127;2564;2563;901;466;435;3214;1747;1467;1012;351;661;91;" (2)"
"1812032";"Jeżowe (2)";9872;4901;4971;2041;1002;1039;6210;3357;2853;1621;542;1079;124;" (2)"
"1812042";"Krzeszów (2)";4142;2059;2083;720;383;337;2456;1342;1114;966;334;632;62;" (2)"
"1812053";"Nisko (3)";21563;10473;11090;3659;1839;1820;13382;7146;6236;4522;1488;3034;142;" (3)"
"1812063";"Rudnik nad Sanem (3)";9939;4905;5034;1698;884;814;6086;3306;2780;2155;715;1440;79;" (3)"
"1812073";"Ulanów (3)";7973;3956;4017;1357;690;667;4862;2692;2170;1754;574;1180;119;" (3)"
"1813012";"Bircza (2)";5999;3058;2941;1081;567;514;3680;2057;1623;1238;434;804;254;" (2)"
"1813023";"Dubiecko (3)";8865;4366;4499;1677;824;853;5311;2904;2407;1877;638;1239;154;" (3)"
"1813032";"Fredropol (2)";5248;2639;2609;927;467;460;3307;1814;1493;1014;358;656;160;" (2)"
"1813042";"Krasiczyn (2)";5138;2519;2619;1002;503;499;3140;1692;1448;996;324;672;124;" (2)"
"1813052";"Krzywcza (2)";4582;2391;2191;884;470;414;2799;1581;1218;899;340;559;95;" (2)"
"1813062";"Medyka (2)";6265;3164;3101;1253;669;584;3835;2093;1742;1177;402;775;61;" (2)"
"1813072";"Orły (2)";8567;4275;4292;1764;884;880;5175;2809;2366;1628;582;1046;70;" (2)"
"1813082";"Przemyśl (2)";10681;5297;5384;2115;1103;1012;6574;3518;3056;1992;676;1316;108;" (2)"
"1813092";"Stubno (2)";3709;1842;1867;704;355;349;2263;1232;1031;742;255;487;89;" (2)"
"1813102";"Żurawica (2)";12688;6320;6368;2474;1251;1223;7703;4199;3504;2511;870;1641;96;" (2)"
"1814011";"Przeworsk (1)";14796;7094;7702;2584;1298;1286;8556;4526;4030;3656;1270;2386;22;" (1)"
"1814022";"Adamówka (2)";4058;2028;2030;780;391;389;2474;1346;1128;804;291;513;134;" (2)"
"1814032";"Gać (2)";4532;2203;2329;945;471;474;2670;1418;1252;917;314;603;36;" (2)"
"1814042";"Jawornik Polski (2)";4282;2109;2173;719;397;322;2550;1366;1184;1013;346;667;63;" (2)"
"1814053";"Kańczuga (3)";11892;5821;6071;2191;1118;1073;7144;3833;3311;2557;870;1687;105;" (3)"
"1814062";"Przeworsk (2)";14609;7215;7394;2964;1515;1449;8835;4770;4065;2810;930;1880;91;" (2)"
"1814073";"Sieniawa (3)";6760;3409;3351;1222;632;590;4250;2332;1918;1288;445;843;128;" (3)"
"1814082";"Tryńcza (2)";8517;4224;4293;1822;885;937;5215;2826;2389;1480;513;967;70;" (2)"
"1814092";"Zarzecze (2)";6955;3429;3526;1370;717;653;4239;2256;1983;1346;456;890;49;" (2)"
"1815012";"Iwierzyce (2)";7715;3854;3861;1633;865;768;4678;2503;2175;1404;486;918;66;" (2)"
"1815022";"Ostrów (2)";7346;3712;3634;1589;819;770;4548;2478;2070;1209;415;794;96;" (2)"
"1815033";"Ropczyce (3)";27261;13416;13845;5809;2959;2850;16335;8684;7651;5117;1773;3344;139;" (3)"
"1815043";"Sędziszów Małopolski (3)";23898;11750;12148;4964;2544;2420;14257;7562;6695;4677;1644;3033;154;" (3)"
"1815052";"Wielopole Skrzyńskie (2)";7843;3893;3950;1608;776;832;4830;2631;2199;1405;486;919;93;" (2)"
"1816011";"Dynów (1)";6051;3001;3050;1111;591;520;3619;1951;1668;1321;459;862;25;" (1)"
"1816023";"Błażowa (3)";10849;5392;5457;2127;1072;1055;6445;3513;2932;2277;807;1470;113;" (3)"
"1816033";"Boguchwała (3)";21856;10602;11254;4692;2351;2341;13067;6826;6241;4097;1425;2672;89;" (3)"
"1816042";"Chmielnik (2)";7337;3658;3679;1620;821;799;4384;2352;2032;1333;485;848;53;" (2)"
"1816052";"Dynów (2)";6675;3385;3290;1270;688;582;4013;2214;1799;1392;483;909;118;" (2)"
"1816063";"Głogów Małopolski (3)";19333;9679;9654;4316;2296;2020;11813;6281;5532;3204;1102;2102;141;" (3)"
"1816072";"Hyżne (2)";6944;3481;3463;1408;746;662;4211;2278;1933;1325;457;868;51;" (2)"
"1816082";"Kamień (2)";6826;3442;3384;1364;692;672;4343;2361;1982;1119;389;730;74;" (2)"
"1816092";"Krasne (2)";12629;6225;6404;2900;1531;1369;7626;3961;3665;2103;733;1370;39;" (2)"
"1816102";"Lubenia (2)";6568;3216;3352;1239;629;610;3937;2092;1845;1392;495;897;55;" (2)"
"1816113";"Sokołów Małopolski (3)";17347;8637;8710;3730;1938;1792;10454;5590;4864;3163;1109;2054;134;" (3)"
"1816122";"Świlcza (2)";16547;8185;8362;3626;1851;1775;9807;5262;4545;3114;1072;2042;108;" (2)"
"1816132";"Trzebownisko (2)";23608;11595;12013;5354;2796;2558;14307;7462;6845;3947;1337;2610;90;" (2)"
"1816143";"Tyczyn (3)";11272;5548;5724;2502;1273;1229;6759;3563;3196;2011;712;1299;54;" (3)"
"1817011";"Sanok (1)";35178;16612;18566;5431;2713;2718;20224;10717;9507;9523;3182;6341;38;" (1)"
"1817022";"Besko (2)";4415;2196;2219;989;515;474;2627;1393;1234;799;288;511;27;" (2)"
"1817032";"Bukowsko (2)";5349;2750;2599;1171;643;528;3150;1715;1435;1028;392;636;137;" (2)"
"1817042";"Komańcza (2)";4233;2122;2111;630;316;314;2583;1455;1128;1020;351;669;388;" (2)"
"1817052";"Sanok (2)";18094;9084;9010;3726;1950;1776;10917;5879;5038;3451;1255;2196;232;" (2)"
"1817062";"Tyrawa Wołoska (2)";1950;973;977;397;196;201;1214;665;549;339;112;227;69;" (2)"
"1817073";"Zagórz (3)";12752;6314;6438;2423;1270;1153;7629;4105;3524;2700;939;1761;160;" (3)"
"1817082";"Zarszyn (2)";8936;4348;4588;1762;884;878;5290;2831;2459;1884;633;1251;105;" (2)"
"1818011";"Stalowa Wola (1)";56819;27120;29699;8750;4545;4205;32395;17193;15202;15674;5382;10292;83;" (1)"
"1818022";"Bojanów (2)";7570;3860;3710;1480;806;674;4850;2612;2238;1240;442;798;179;" (2)"
"1818032";"Pysznica (2)";11626;5722;5904;2233;1106;1127;7252;3851;3401;2141;765;1376;147;" (2)"
"1818042";"Radomyśl nad Sanem (2)";7255;3575;3680;1346;686;660;4334;2311;2023;1575;578;997;134;" (2)"
"1818053";"Zaklików (3)";8146;3990;4156;1428;722;706;4841;2653;2188;1877;615;1262;202;" (3)"
"1818062";"Zaleszany (2)";11006;5476;5530;2161;1072;1089;6610;3566;3044;2235;838;1397;87;" (2)"
"1819012";"Czudec (2)";11604;5737;5867;2296;1159;1137;7002;3772;3230;2306;806;1500;85;" (2)"
"1819022";"Frysztak (2)";10170;5125;5045;1865;966;899;6313;3456;2857;1992;703;1289;91;" (2)"
"1819032";"Niebylec (2)";10376;5104;5272;1974;995;979;6352;3394;2958;2050;715;1335;105;" (2)"
"1819043";"Strzyżów (3)";19977;9863;10114;3576;1905;1671;11995;6453;5542;4406;1505;2901;140;" (3)"
"1819052";"Wiśniowa (2)";7725;3881;3844;1414;713;701;4790;2624;2166;1521;544;977;83;" (2)"
"1820013";"Baranów Sandomierski (3)";11436;5640;5796;1997;1026;971;7025;3789;3236;2414;825;1589;122;" (3)"
"1820022";"Gorzyce (2)";12811;6308;6503;2413;1255;1158;7535;4048;3487;2863;1005;1858;69;" (2)"
"1820032";"Grębów (2)";10003;5016;4987;1934;1043;891;6139;3296;2843;1930;677;1253;187;" (2)"
"1820043";"Nowa Dęba (3)";17253;8293;8960;2785;1395;1390;10294;5528;4766;4174;1370;2804;143;" (3)"
"1821012";"Baligród (2)";3069;1533;1536;539;280;259;1852;1001;851;678;252;426;158;" (2)"
"1821022";"Cisna (2)";1689;860;829;260;130;130;1080;596;484;349;134;215;287;" (2)"
"1821033";"Lesko (3)";10946;5302;5644;1909;973;936;6429;3408;3021;2608;921;1687;111;" (3)"
"1821042";"Olszanica (2)";4740;2351;2389;815;417;398;2908;1563;1345;1017;371;646;94;" (2)"
"1821052";"Solina (2)";5252;2622;2630;889;437;452;3214;1765;1449;1149;420;729;185;" (2)"
"1861011";"Krosno (1)";44687;21039;23648;7489;3826;3663;25246;13242;12004;11952;3971;7981;45;" (1)"
"1862011";"Przemyśl (1)";57568;26911;30657;9078;4668;4410;32987;17339;15648;15503;4904;10599;46;" (1)"
"1863011";"Rzeszów (1)";196374;93313;103061;37261;19042;18219;117145;60247;56898;41968;14024;27944;129;" (1)"
"1864011";"Tarnobrzeg (1)";44529;21177;23352;6875;3566;3309;26015;13720;12295;11639;3891;7748;85;" (1)"
"2001011";"Augustów (1)";29341;13787;15554;5107;2571;2536;17435;9097;8338;6799;2119;4680;81;" (1)"
"2001022";"Augustów (2)";6444;3297;3147;1342;720;622;3968;2187;1781;1134;390;744;267;" (2)"
"2001032";"Bargłów Kościelny (2)";5081;2571;2510;981;497;484;3027;1653;1374;1073;421;652;188;" (2)"
"2001043";"Lipsk (3)";4548;2278;2270;612;339;273;2759;1546;1213;1177;393;784;184;" (3)"
"2001052";"Nowinka (2)";2882;1465;1417;592;300;292;1687;949;738;603;216;387;204;" (2)"
"2001062";"Płaska (2)";2370;1226;1144;402;206;196;1403;811;592;565;209;356;372;" (2)"
"2001072";"Sztabin (2)";4640;2391;2249;771;405;366;2811;1622;1189;1058;364;694;363;" (2)"
"2002013";"Choroszcz (3)";17183;8609;8574;3645;1895;1750;10418;5634;4784;3120;1080;2040;164;" (3)"
"2002023";"Czarna Białostocka (3)";10887;5229;5658;1867;937;930;6435;3476;2959;2585;816;1769;206;" (3)"
"2002032";"Dobrzyniewo Duże (2)";10082;5034;5048;2241;1161;1080;6058;3247;2811;1783;626;1157;161;" (2)"
"2002042";"Gródek (2)";4987;2407;2580;825;427;398;2725;1517;1208;1437;463;974;429;" (2)"
"2002052";"Juchnowiec Kościelny (2)";18102;9042;9060;4152;2166;1986;11076;5868;5208;2874;1008;1866;171;" (2)"
"2002063";"Łapy (3)";20696;10056;10640;3455;1738;1717;11969;6523;5446;5272;1795;3477;128;" (3)"
"2002073";"Michałowo (3)";6046;3015;3031;921;471;450;3360;1918;1442;1765;626;1139;409;" (3)"
"2002082";"Poświętne (2)";3148;1570;1578;572;296;276;1856;1012;844;720;262;458;115;" (2)"
"2002093";"Supraśl (3)";17260;8380;8880;3776;1882;1894;10398;5454;4944;3086;1044;2042;189;" (3)"
"2002103";"Suraż (3)";1929;965;964;385;205;180;1116;608;508;428;152;276;77;" (3)"
"2002112";"Turośń Kościelna (2)";6835;3407;3428;1443;745;698;4141;2223;1918;1251;439;812;140;" (2)"
"2002123";"Tykocin (3)";5818;2878;2940;1016;504;512;3476;1931;1545;1326;443;883;207;" (3)"
"2002133";"Wasilków (3)";19738;9644;10094;4647;2391;2256;11964;6226;5738;3127;1027;2100;127;" (3)"
"2002143";"Zabłudów (3)";9831;4950;4881;2018;1038;980;5849;3239;2610;1964;673;1291;340;" (3)"
"2002152";"Zawady (2)";2531;1288;1243;426;191;235;1580;896;684;525;201;324;112;" (2)"
"2003011";"Bielsk Podlaski (1)";24417;11664;12753;4216;2179;2037;14259;7593;6666;5942;1892;4050;27;" (1)"
"2003021";"Brańsk (1)";3557;1808;1749;672;364;308;2084;1152;932;801;292;509;32;" (1)"
"2003032";"Bielsk Podlaski (2)";6449;3261;3188;1079;579;500;3395;1958;1437;1975;724;1251;431;" (2)"
"2003042";"Boćki (2)";3903;2018;1885;659;365;294;2163;1245;918;1081;408;673;232;" (2)"
"2003052";"Brańsk (2)";5323;2755;2568;946;493;453;3072;1756;1316;1305;506;799;227;" (2)"
"2003062";"Orla (2)";2477;1177;1300;353;163;190;1166;681;485;958;333;625;160;" (2)"
"2003072";"Rudka (2)";1700;864;836;310;167;143;984;550;434;406;147;259;70;" (2)"
"2003082";"Wyszki (2)";3987;1990;1997;727;379;348;2198;1229;969;1062;382;680;206;" (2)"
"2004011";"Grajewo (1)";21303;10259;11044;3868;2004;1864;12727;6765;5962;4708;1490;3218;19;" (1)"
"2004022";"Grajewo (2)";5524;2834;2690;1136;603;533;3354;1850;1504;1034;381;653;308;" (2)"
"2004032";"Radziłów (2)";4421;2222;2199;807;415;392;2644;1445;1199;970;362;608;200;" (2)"
"2004043";"Rajgród (3)";4720;2340;2380;782;400;382;2844;1578;1266;1094;362;732;207;" (3)"
"2004053";"Szczuczyn (3)";5840;2931;2909;1102;566;536;3505;1948;1557;1233;417;816;116;" (3)"
"2004062";"Wąsosz (2)";3372;1737;1635;626;343;283;2048;1151;897;698;243;455;118;" (2)"
"2005011";"Hajnówka (1)";19487;9162;10325;3127;1601;1526;10852;5818;5034;5508;1743;3765;21;" (1)"
"2005022";"Białowieża (2)";2086;1019;1067;288;156;132;1158;633;525;640;230;410;203;" (2)"
"2005032";"Czeremcha (2)";2787;1341;1446;372;182;190;1506;866;640;909;293;616;97;" (2)"
"2005042";"Czyże (2)";1845;891;954;241;107;134;924;532;392;680;252;428;135;" (2)"
"2005052";"Dubicze Cerkiewne (2)";1376;688;688;153;81;72;708;417;291;515;190;325;151;" (2)"
"2005062";"Hajnówka (2)";3681;1871;1810;589;307;282;2102;1211;891;990;353;637;293;" (2)"
"2005073";"Kleszczele (3)";2215;1090;1125;308;162;146;1142;665;477;765;263;502;143;" (3)"
"2005082";"Narew (2)";3302;1624;1678;492;247;245;1749;1022;727;1061;355;706;242;" (2)"
"2005092";"Narewka (2)";3241;1617;1624;450;222;228;1749;1032;717;1042;363;679;339;" (2)"
"2006011";"Kolno (1)";9942;4810;5132;1687;857;830;6084;3271;2813;2171;682;1489;25;" (1)"
"2006022";"Grabowo (2)";3275;1645;1630;599;302;297;2007;1097;910;669;246;423;129;" (2)"
"2006032";"Kolno (2)";7995;4028;3967;1642;829;813;4888;2708;2180;1465;491;974;281;" (2)"
"2006042";"Mały Płock (2)";4438;2266;2172;798;431;367;2726;1501;1225;914;334;580;140;" (2)"
"2006053";"Stawiski (3)";5648;2850;2798;946;503;443;3546;1959;1587;1156;388;768;166;" (3)"
"2006062";"Turośl (2)";4845;2551;2294;1041;583;458;3013;1699;1314;791;269;522;199;" (2)"
"2007013";"Jedwabne (3)";4970;2518;2452;905;480;425;3005;1660;1345;1060;378;682;159;" (3)"
"2007022";"Łomża (2)";11864;6005;5859;2578;1342;1236;7224;3914;3310;2062;749;1313;207;" (2)"
"2007032";"Miastkowo (2)";4054;2049;2005;866;435;431;2467;1365;1102;721;249;472;115;" (2)"
"2007043";"Nowogród (3)";3925;1937;1988;730;365;365;2406;1293;1113;789;279;510;101;" (3)"
"2007052";"Piątnica (2)";10303;5230;5073;2029;1048;981;6316;3479;2837;1958;703;1255;220;" (2)"
"2007062";"Przytuły (2)";1941;957;984;353;167;186;1181;634;547;407;156;251;71;" (2)"
"2007072";"Śniadowo (2)";5133;2583;2550;1030;522;508;3032;1681;1351;1071;380;691;163;" (2)"
"2007082";"Wizna (2)";3685;1874;1811;685;359;326;2147;1214;933;853;301;552;133;" (2)"
"2007092";"Zbójna (2)";4036;2053;1983;720;368;352;2531;1432;1099;785;253;532;186;" (2)"
"2008013";"Goniądz (3)";4690;2312;2378;868;421;447;2731;1508;1223;1091;383;708;377;" (3)"
"2008022";"Jasionówka (2)";2491;1252;1239;392;201;191;1511;847;664;588;204;384;97;" (2)"
"2008032";"Jaświły (2)";4452;2341;2111;680;374;306;2726;1569;1157;1046;398;648;175;" (2)"
"2008043";"Knyszyn (3)";4532;2229;2303;815;422;393;2732;1488;1244;985;319;666;127;" (3)"
"2008052";"Krypno (2)";3760;1877;1883;701;331;370;2326;1304;1022;733;242;491;112;" (2)"
"2008063";"Mońki (3)";14188;6873;7315;2443;1262;1181;8586;4592;3994;3159;1019;2140;162;" (3)"
"2008072";"Trzcianne (2)";4009;2043;1966;692;359;333;2419;1375;1044;898;309;589;332;" (2)"
"2009011";"Sejny (1)";5024;2388;2636;793;403;390;2932;1593;1339;1299;392;907;4;" (1)"
"2009022";"Giby (2)";2524;1268;1256;388;200;188;1491;839;652;645;229;416;323;" (2)"
"2009032";"Krasnopol (2)";3621;1825;1796;703;369;334;2124;1188;936;794;268;526;172;" (2)"
"2009042";"Puńsk (2)";4017;2001;2016;674;348;326;2422;1317;1105;921;336;585;139;" (2)"
"2009052";"Sejny (2)";3806;1951;1855;669;341;328;2292;1292;1000;845;318;527;217;" (2)"
"2010011";"Siemiatycze (1)";13639;6462;7177;2177;1077;1100;8108;4359;3749;3354;1026;2328;36;" (1)"
"2010023";"Drohiczyn (3)";5837;2882;2955;937;476;461;3379;1849;1530;1521;557;964;208;" (3)"
"2010032";"Dziadkowice (2)";2592;1324;1268;486;259;227;1519;851;668;587;214;373;116;" (2)"
"2010042";"Grodzisk (2)";3861;1968;1893;637;316;321;2291;1292;999;933;360;573;203;" (2)"
"2010052";"Mielnik (2)";2129;1019;1110;290;155;135;1145;622;523;694;242;452;196;" (2)"
"2010062";"Milejczyce (2)";1668;795;873;250;115;135;916;518;398;502;162;340;151;" (2)"
"2010072";"Nurzec-Stacja (2)";3583;1756;1827;525;278;247;1987;1124;863;1071;354;717;215;" (2)"
"2010082";"Perlejewo (2)";2560;1305;1255;396;212;184;1573;865;708;591;228;363;107;" (2)"
"2010092";"Siemiatycze (2)";5791;2899;2892;1008;508;500;3438;1927;1511;1345;464;881;227;" (2)"
"2011013";"Dąbrowa Białostocka (3)";10398;5110;5288;1619;827;792;6157;3443;2714;2622;840;1782;264;" (3)"
"2011022";"Janów (2)";3822;1878;1944;682;342;340;2248;1241;1007;892;295;597;208;" (2)"
"2011032";"Korycin (2)";3054;1529;1525;548;286;262;1815;1001;814;691;242;449;117;" (2)"
"2011043";"Krynki (3)";2805;1380;1425;401;205;196;1597;908;689;807;267;540;166;" (3)"
"2011052";"Kuźnica (2)";3726;1875;1851;624;307;317;2235;1291;944;867;277;590;133;" (2)"
"2011062";"Nowy Dwór (2)";2258;1139;1119;384;192;192;1288;759;529;586;188;398;121;" (2)"
"2011072";"Sidra (2)";3104;1601;1503;507;280;227;1811;1038;773;786;283;503;174;" (2)"
"2011083";"Sokółka (3)";24353;11866;12487;4289;2163;2126;14493;7865;6628;5571;1838;3733;314;" (3)"
"2011093";"Suchowola (3)";6464;3217;3247;1081;549;532;3855;2145;1710;1528;523;1005;256;" (3)"
"2011102";"Szudziałowo (2)";2791;1399;1392;443;214;229;1620;943;677;728;242;486;302;" (2)"
"2012012";"Bakałarzewo (2)";2994;1540;1454;634;315;319;1750;994;756;610;231;379;123;" (2)"
"2012022";"Filipów (2)";4053;2067;1986;793;420;373;2391;1332;1059;869;315;554;151;" (2)"
"2012032";"Jeleniewo (2)";3125;1613;1512;653;336;317;1869;1056;813;603;221;382;131;" (2)"
"2012042";"Przerośl (2)";2800;1451;1349;600;308;292;1625;922;703;575;221;354;124;" (2)"
"2012052";"Raczki (2)";5710;2887;2823;1182;617;565;3422;1886;1536;1106;384;722;142;" (2)"
"2012062";"Rutka-Tartak (2)";2256;1139;1117;440;226;214;1331;745;586;485;168;317;103;" (2)"
"2012072";"Suwałki (2)";7946;4086;3860;1684;869;815;4856;2722;2134;1406;495;911;265;" (2)"
"2012082";"Szypliszki (2)";3902;1986;1916;761;411;350;2359;1309;1050;782;266;516;156;" (2)"
"2012092";"Wiżajny (2)";2053;1063;990;374;202;172;1165;669;496;514;192;322;112;" (2)"
"2013011";"Wysokie Mazowieckie (1)";9081;4358;4723;1762;898;864;5282;2831;2451;2037;629;1408;15;" (1)"
"2013023";"Ciechanowiec (3)";8134;4130;4004;1336;689;647;4878;2748;2130;1920;693;1227;201;" (3)"
"2013033";"Czyżew (3)";6120;3063;3057;1255;627;628;3533;1954;1579;1332;482;850;130;" (3)"
"2013042";"Klukowo (2)";4069;2074;1995;769;408;361;2282;1274;1008;1018;392;626;124;" (2)"
"2013052";"Kobylin-Borzymy (2)";2977;1546;1431;488;254;234;1796;1035;761;693;257;436;119;" (2)"
"2013062";"Kulesze Kościelne (2)";2967;1513;1454;599;298;301;1710;961;749;658;254;404;115;" (2)"
"2013072";"Nowe Piekuty (2)";3602;1815;1787;687;359;328;2117;1152;965;798;304;494;110;" (2)"
"2013082";"Sokoły (2)";5318;2679;2639;1043;529;514;3048;1716;1332;1227;434;793;156;" (2)"
"2013093";"Szepietowo (3)";6584;3343;3241;1271;676;595;3753;2102;1651;1560;565;995;152;" (3)"
"2013102";"Wysokie Mazowieckie (2)";5485;2807;2678;1231;643;588;3204;1783;1421;1050;381;669;167;" (2)"
"2014011";"Zambrów (1)";21188;10153;11035;3645;1836;1809;12663;6840;5823;4880;1477;3403;19;" (1)"
"2014022";"Kołaki Kościelne (2)";2193;1130;1063;405;218;187;1278;733;545;510;179;331;74;" (2)"
"2014032";"Rutki (2)";5164;2671;2493;970;494;476;3101;1774;1327;1093;403;690;200;" (2)"
"2014042";"Szumowo (2)";4596;2342;2254;923;486;437;2725;1511;1214;948;345;603;141;" (2)"
"2014052";"Zambrów (2)";8688;4477;4211;1748;920;828;5226;2934;2292;1714;623;1091;299;" (2)"
"2061011";"Białystok (1)";293413;137611;155802;51994;26642;25352;175607;90607;85000;65812;20362;45450;102;" (1)"
"2062011";"Łomża (1)";60468;28769;31699;10732;5443;5289;35620;18815;16805;14116;4511;9605;33;" (1)"
"2063011";"Suwałki (1)";68839;32923;35916;13108;6710;6398;41623;21750;19873;14108;4463;9645;66;" (1)"
"2201012";"Borzytuchom (2)";3392;1720;1672;870;449;421;2057;1106;951;465;165;300;109;" (2)"
"2201023";"Bytów (3)";25292;12416;12876;5416;2796;2620;14942;7904;7038;4934;1716;3218;197;" (3)"
"2201032";"Czarna Dąbrówka (2)";5703;2899;2804;1394;702;692;3287;1814;1473;1022;383;639;298;" (2)"
"2201042";"Kołczygłowy (2)";4114;2118;1996;870;463;407;2507;1378;1129;737;277;460;170;" (2)"
"2201052";"Lipnica (2)";5157;2628;2529;1140;607;533;3037;1646;1391;980;375;605;308;" (2)"
"2201063";"Miastko (3)";18204;8998;9206;3428;1771;1657;10676;5855;4821;4100;1372;2728;466;" (3)"
"2201072";"Parchowo (2)";3802;1900;1902;927;484;443;2238;1186;1052;637;230;407;131;" (2)"
"2201082";"Studzienice (2)";3632;1805;1827;835;405;430;2151;1154;997;646;246;400;176;" (2)"
"2201092";"Trzebielino (2)";3543;1801;1742;753;404;349;2116;1159;957;674;238;436;226;" (2)"
"2201102";"Tuchomie (2)";4148;2124;2024;906;478;428;2573;1384;1189;669;262;407;111;" (2)"
"2202011";"Chojnice (1)";39158;18784;20374;7557;3876;3681;22559;11821;10738;9042;3087;5955;21;" (1)"
"2202023";"Brusy (3)";14361;7193;7168;3615;1850;1765;8313;4472;3841;2433;871;1562;400;" (3)"
"2202032";"Chojnice (2)";19259;9738;9521;4529;2377;2152;11449;6174;5275;3281;1187;2094;458;" (2)"
"2202043";"Czersk (3)";21289;10593;10696;4551;2341;2210;12549;6814;5735;4189;1438;2751;380;" (3)"
"2202052";"Konarzyny (2)";2273;1158;1115;551;277;274;1367;758;609;355;123;232;105;" (2)"
"2203011";"Człuchów (1)";13270;6285;6985;2213;1148;1065;7479;3951;3528;3578;1186;2392;13;" (1)"
"2203023";"Czarne (3)";8672;4262;4410;1555;772;783;5179;2842;2337;1938;648;1290;235;" (3)"
"2203032";"Człuchów (2)";10703;5456;5247;2364;1217;1147;6616;3608;3008;1723;631;1092;361;" (2)"
"2203043";"Debrzno (3)";8687;4272;4415;1755;902;853;5076;2721;2355;1856;649;1207;224;" (3)"
"2203052";"Koczała (2)";3204;1573;1631;639;333;306;1819;979;840;746;261;485;223;" (2)"
"2203062";"Przechlewo (2)";5998;3021;2977;1274;648;626;3533;1938;1595;1191;435;756;244;" (2)"
"2203072";"Rzeczenica (2)";3390;1715;1675;640;338;302;2059;1130;929;691;247;444;275;" (2)"
"2204011";"Pruszcz Gdański (1)";31791;15310;16481;6595;3432;3163;19248;9896;9352;5948;1982;3966;16;" (1)"
"2204022";"Cedry Wielkie (2)";6778;3359;3419;1466;722;744;4165;2240;1925;1147;397;750;124;" (2)"
"2204032";"Kolbudy (2)";20468;10054;10414;4821;2436;2385;12560;6486;6074;3087;1132;1955;83;" (2)"
"2204042";"Pruszcz Gdański (2)";36809;18159;18650;9522;4819;4703;22449;11587;10862;4838;1753;3085;144;" (2)"
"2204052";"Przywidz (2)";6034;3037;2997;1347;686;661;3612;1946;1666;1075;405;670;129;" (2)"
"2204062";"Pszczółki (2)";10681;5292;5389;2487;1279;1208;6474;3424;3050;1720;589;1131;50;" (2)"
"2204072";"Suchy Dąb (2)";4245;2186;2059;975;491;484;2601;1454;1147;669;241;428;85;" (2)"
"2204082";"Trąbki Wielkie (2)";11598;5846;5752;2619;1374;1245;7123;3816;3307;1856;656;1200;163;" (2)"
"2205012";"Chmielno (2)";7794;3893;3901;2122;1082;1040;4427;2331;2096;1245;480;765;79;" (2)"
"2205023";"Kartuzy (3)";34275;16863;17412;8048;4084;3964;19829;10549;9280;6398;2230;4168;206;" (3)"
"2205032";"Przodkowo (2)";10748;5396;5352;3047;1543;1504;6343;3357;2986;1358;496;862;85;" (2)"
"2205042";"Sierakowice (2)";20599;10434;10165;6201;3260;2941;11661;6167;5494;2737;1007;1730;183;" (2)"
"2205052";"Somonino (2)";11133;5627;5506;2910;1452;1458;6683;3618;3065;1540;557;983;112;" (2)"
"2205062";"Stężyca (2)";11051;5572;5479;3127;1614;1513;6341;3345;2996;1583;613;970;161;" (2)"
"2205072";"Sulęczyno (2)";5688;2873;2815;1552;794;758;3185;1729;1456;951;350;601;131;" (2)"
"2205083";"Żukowo (3)";48511;24120;24391;13054;6762;6292;29236;15114;14122;6221;2244;3977;164;" (3)"
"2206011";"Kościerzyna (1)";23524;11397;12127;4899;2535;2364;13567;7158;6409;5058;1704;3354;16;" (1)"
"2206022";"Dziemiany (2)";4455;2204;2251;1081;554;527;2604;1371;1233;770;279;491;125;" (2)"
"2206032";"Karsin (2)";6144;3110;3034;1324;681;643;3594;1978;1616;1226;451;775;169;" (2)"
"2206042";"Kościerzyna (2)";16016;8096;7920;3837;1961;1876;9593;5148;4445;2586;987;1599;311;" (2)"
"2206052";"Liniewo (2)";4476;2243;2233;1024;509;515;2540;1399;1141;912;335;577;110;" (2)"
"2206062";"Lipusz (2)";3736;1930;1806;909;493;416;2216;1209;1007;611;228;383;109;" (2)"
"2206072";"Nowa Karczma (2)";7139;3611;3528;1809;962;847;4177;2234;1943;1153;415;738;113;" (2)"
"2206082";"Stara Kiszewa (2)";6766;3486;3280;1583;854;729;3944;2185;1759;1239;447;792;213;" (2)"
"2207011";"Kwidzyn (1)";37513;17986;19527;7044;3581;3463;22067;11633;10434;8402;2772;5630;22;" (1)"
"2207022";"Gardeja (2)";8139;4121;4018;1803;902;901;4924;2709;2215;1412;510;902;193;" (2)"
"2207032";"Kwidzyn (2)";11337;5811;5526;2556;1361;1195;7002;3841;3161;1779;609;1170;207;" (2)"
"2207043";"Prabuty (3)";12377;6234;6143;2432;1281;1151;7436;4100;3336;2509;853;1656;197;" (3)"
"2207052";"Ryjewo (2)";5685;2899;2786;1158;606;552;3463;1907;1556;1064;386;678;104;" (2)"
"2207062";"Sadlinki (2)";5973;2988;2985;1373;711;662;3660;1939;1721;940;338;602;112;" (2)"
"2208011";"Lębork (1)";34365;16496;17869;6386;3274;3112;19858;10510;9348;8121;2712;5409;18;" (1)"
"2208021";"Łeba (1)";3172;1537;1635;446;236;210;1801;1003;798;925;298;627;17;" (1)"
"2208032";"Cewice (2)";7448;3774;3674;1919;1020;899;4328;2313;2015;1201;441;760;188;" (2)"
"2208042";"Nowa Wieś Lęborska (2)";13551;6834;6717;3033;1532;1501;8143;4436;3707;2375;866;1509;270;" (2)"
"2208052";"Wicko (2)";5594;2781;2813;1125;567;558;3437;1838;1599;1032;376;656;215;" (2)"
"2209011";"Malbork (1)";37341;17897;19444;6574;3375;3199;21521;11383;10138;9246;3139;6107;17;" (1)"
"2209032";"Lichnowy (2)";4209;2097;2112;875;426;449;2623;1432;1191;711;239;472;89;" (2)"
"2209042";"Malbork (2)";4943;2516;2427;1128;586;542;3047;1626;1421;768;304;464;101;" (2)"
"2209062";"Miłoradz (2)";3250;1626;1624;653;334;319;1985;1091;894;612;201;411;94;" (2)"
"2209073";"Nowy Staw (3)";7213;3596;3617;1329;685;644;4316;2371;1945;1568;540;1028;114;" (3)"
"2209082";"Stare Pole (2)";4447;2194;2253;917;457;460;2667;1448;1219;863;289;574;79;" (2)"
"2210011";"Krynica Morska (1)";1183;586;597;153;88;65;720;395;325;310;103;207;118;" (1)"
"2210023";"Nowy Dwór Gdański (3)";17077;8394;8683;3209;1636;1573;10296;5566;4730;3572;1192;2380;213;" (3)"
"2210032";"Ostaszewo (2)";2946;1509;1437;576;289;287;1766;1005;761;604;215;389;61;" (2)"
"2210042";"Stegna (2)";9377;4685;4692;1736;904;832;5601;3049;2552;2040;732;1308;170;" (2)"
"2210052";"Sztutowo (2)";3482;1749;1733;652;335;317;2004;1107;897;826;307;519;112;" (2)"
"2211011";"Hel (1)";2909;1420;1489;448;239;209;1713;931;782;748;250;498;23;" (1)"
"2211023";"Jastarnia (3)";3550;1723;1827;606;321;285;2098;1139;959;846;263;583;10;" (3)"
"2211031";"Puck (1)";10787;5124;5663;1967;1022;945;6061;3194;2867;2759;908;1851;5;" (1)"
"2211043";"Władysławowo (3)";14681;7194;7487;2787;1435;1352;8703;4662;4041;3191;1097;2094;42;" (3)"
"2211052";"Kosakowo (2)";19888;9788;10100;4949;2496;2453;12428;6337;6091;2511;955;1556;50;" (2)"
"2211062";"Krokowa (2)";10508;5327;5181;2396;1249;1147;6320;3408;2912;1792;670;1122;214;" (2)"
"2211072";"Puck (2)";28006;13996;14010;6961;3504;3457;16954;9011;7943;4091;1481;2610;237;" (2)"
"2212011";"Ustka (1)";14161;6658;7503;2059;1068;991;7677;4062;3615;4425;1528;2897;10;" (1)"
"2212022";"Damnica (2)";5778;2925;2853;1173;621;552;3515;1931;1584;1090;373;717;168;" (2)"
"2212032";"Dębnica Kaszubska (2)";9134;4587;4547;1868;965;903;5546;3054;2492;1720;568;1152;300;" (2)"
"2212042";"Główczyce (2)";8440;4289;4151;1757;914;843;5042;2795;2247;1641;580;1061;322;" (2)"
"2212053";"Kępice (3)";8395;4292;4103;1526;793;733;5032;2847;2185;1837;652;1185;293;" (3)"
"2212062";"Kobylnica (2)";13741;6923;6818;3187;1611;1576;8346;4534;3812;2208;778;1430;244;" (2)"
"2212072";"Potęgowo (2)";6596;3342;3254;1426;739;687;3942;2172;1770;1228;431;797;228;" (2)"
"2212082";"Słupsk (2)";18928;9469;9459;4232;2140;2092;11655;6243;5412;3041;1086;1955;262;" (2)"
"2212092";"Smołdzino (2)";3084;1509;1575;555;263;292;1842;1004;838;687;242;445;260;" (2)"
"2212102";"Ustka (2)";8069;4070;3999;1549;804;745;4913;2675;2238;1607;591;1016;217;" (2)"
"2213013";"Czarna Woda (3)";3089;1534;1555;558;286;272;1822;1001;821;709;247;462;28;" (3)"
"2213021";"Skórcz (1)";3485;1715;1770;773;400;373;2071;1114;957;641;201;440;4;" (1)"
"2213031";"Starogard Gdański (1)";45991;22094;23897;8728;4501;4227;26706;14187;12519;10557;3406;7151;25;" (1)"
"2213042";"Bobowo (2)";3127;1589;1538;728;363;365;1916;1058;858;483;168;315;52;" (2)"
"2213052";"Kaliska (2)";5331;2675;2656;1163;592;571;3211;1739;1472;957;344;613;111;" (2)"
"2213062";"Lubichowo (2)";6789;3472;3317;1589;856;733;3998;2180;1818;1202;436;766;160;" (2)"
"2213072";"Osieczna (2)";2714;1380;1334;559;284;275;1654;914;740;501;182;319;123;" (2)"
"2213082";"Osiek (2)";2269;1158;1111;407;217;190;1303;721;582;559;220;339;156;" (2)"
"2213093";"Skarszewy (3)";14468;7116;7352;3323;1621;1702;8719;4677;4042;2426;818;1608;170;" (3)"
"2213102";"Skórcz (2)";4351;2240;2111;970;507;463;2592;1444;1148;789;289;500;97;" (2)"
"2213112";"Smętowo Graniczne (2)";4890;2469;2421;988;537;451;2906;1584;1322;996;348;648;86;" (2)"
"2213122";"Starogard Gdański (2)";17083;8574;8509;4144;2063;2081;10429;5605;4824;2510;906;1604;195;" (2)"
"2213132";"Zblewo (2)";12070;5977;6093;2885;1461;1424;7338;3884;3454;1847;632;1215;138;" (2)"
"2214011";"Tczew (1)";57856;27716;30140;10927;5575;5352;33794;17718;16076;13135;4423;8712;22;" (1)"
"2214023";"Gniew (3)";14637;7277;7360;2918;1481;1437;8686;4811;3875;3033;985;2048;194;" (3)"
"2214032";"Morzeszczyn (2)";3367;1717;1650;729;375;354;2025;1114;911;613;228;385;91;" (2)"
"2214043";"Pelplin (3)";15379;7722;7657;3077;1627;1450;9267;5024;4243;3035;1071;1964;141;" (3)"
"2214052";"Subkowy (2)";5391;2700;2691;1178;580;598;3351;1815;1536;862;305;557;78;" (2)"
"2214062";"Tczew (2)";15720;7942;7778;3866;2016;1850;9678;5166;4512;2176;760;1416;171;" (2)"
"2215011";"Reda (1)";28428;14034;14394;6506;3385;3121;17508;9092;8416;4414;1557;2857;34;" (1)"
"2215021";"Rumia (1)";52221;25310;26911;10198;5176;5022;31200;16357;14843;10823;3777;7046;30;" (1)"
"2215031";"Wejherowo (1)";46968;22663;24305;9096;4677;4419;27700;14580;13120;10172;3406;6766;27;" (1)"
"2215042";"Choczewo (2)";5071;2551;2520;1007;504;503;2974;1665;1309;1090;382;708;183;" (2)"
"2215052";"Gniewino (2)";7401;3844;3557;1744;923;821;4461;2479;1982;1196;442;754;176;" (2)"
"2215062";"Linia (2)";6402;3188;3214;1695;837;858;3780;2016;1764;927;335;592;120;" (2)"
"2215072";"Luzino (2)";17255;8703;8552;4725;2433;2292;10403;5510;4893;2127;760;1367;111;" (2)"
"2215082";"Łęczyce (2)";12013;6025;5988;2969;1520;1449;7054;3806;3248;1990;699;1291;233;" (2)"
"2215092";"Szemud (2)";20438;10338;10100;5559;2862;2697;12059;6396;5663;2820;1080;1740;177;" (2)"
"2215102";"Wejherowo (2)";29602;14834;14768;7893;4130;3763;18031;9406;8625;3678;1298;2380;194;" (2)"
"2216013";"Dzierzgoń (3)";8833;4423;4410;1683;895;788;5376;2934;2442;1774;594;1180;131;" (3)"
"2216022";"Mikołajki Pomorskie (2)";3422;1730;1692;734;391;343;2053;1126;927;635;213;422;92;" (2)"
"2216032";"Stary Dzierzgoń (2)";3519;1763;1756;671;341;330;2094;1154;940;754;268;486;186;" (2)"
"2216042";"Stary Targ (2)";5978;3053;2925;1194;652;542;3660;2024;1636;1124;377;747;141;" (2)"
"2216053";"Sztum (3)";17372;8556;8816;3258;1655;1603;10268;5559;4709;3846;1342;2504;181;" (3)"
"2261011";"Gdańsk (1)";486271;230212;256059;81043;41903;39140;292511;149519;142992;112717;38790;73927;262;" (1)"
"2262011";"Gdynia (1)";244676;115071;129605;39261;20131;19130;141825;72764;69061;63590;22176;41414;135;" (1)"
"2263011";"Słupsk (1)";87119;40651;46468;13481;6931;6550;49939;26005;23934;23699;7715;15984;43;" (1)"
"2264011";"Sopot (1)";32743;14964;17779;4255;2118;2137;17903;9234;8669;10585;3612;6973;17;" (1)"
"2401011";"Będzin (1)";55065;26130;28935;8909;4549;4360;31699;16858;14841;14457;4723;9734;37;" (1)"
"2401021";"Czeladź (1)";30492;14441;16051;4676;2406;2270;17183;9194;7989;8633;2841;5792;16;" (1)"
"2401031";"Wojkowice (1)";8574;4098;4476;1330;694;636;4965;2681;2284;2279;723;1556;13;" (1)"
"2401042";"Bobrowniki (2)";12406;5952;6454;2159;1071;1088;7133;3810;3323;3114;1071;2043;52;" (2)"
"2401052";"Mierzęcice (2)";7877;3835;4042;1415;711;704;4678;2506;2172;1784;618;1166;49;" (2)"
"2401062";"Psary (2)";12336;5901;6435;2224;1156;1068;7065;3731;3334;3047;1014;2033;46;" (2)"
"2401073";"Siewierz (3)";12712;6139;6573;2269;1165;1104;7280;3853;3427;3163;1121;2042;114;" (3)"
"2401081";"Sławków (1)";6909;3341;3568;1209;612;597;3960;2133;1827;1740;596;1144;37;" (1)"
"2402011";"Szczyrk (1)";5454;2625;2829;976;489;487;3209;1686;1523;1269;450;819;39;" (1)"
"2402022";"Bestwina (2)";12072;5950;6122;2602;1356;1246;7086;3783;3303;2384;811;1573;38;" (2)"
"2402032";"Buczkowice (2)";11231;5441;5790;2283;1144;1139;6677;3537;3140;2271;760;1511;19;" (2)"
"2402043";"Czechowice-Dziedzice (3)";44705;21717;22988;8788;4621;4167;25946;13698;12248;9971;3398;6573;66;" (3)"
"2402052";"Jasienica (2)";24978;12364;12614;5744;2968;2776;14681;7740;6941;4553;1656;2897;93;" (2)"
"2402062";"Jaworze (2)";7322;3554;3768;1417;757;660;4211;2161;2050;1694;636;1058;21;" (2)"
"2402072";"Kozy (2)";13124;6368;6756;2759;1397;1362;7586;4018;3568;2779;953;1826;27;" (2)"
"2402082";"Porąbka (2)";15455;7654;7801;3070;1590;1480;9162;4959;4203;3223;1105;2118;65;" (2)"
"2402093";"Wilamowice (3)";17957;8859;9098;3987;2070;1917;10731;5669;5062;3239;1120;2119;57;" (3)"
"2402102";"Wilkowice (2)";13352;6437;6915;2363;1212;1151;7800;4183;3617;3189;1042;2147;34;" (2)"
"2403011";"Cieszyn (1)";33601;15859;17742;5718;2962;2756;18987;9965;9022;8896;2932;5964;29;" (1)"
"2403021";"Ustroń (1)";16035;7606;8429;2725;1426;1299;8873;4627;4246;4437;1553;2884;59;" (1)"
"2403031";"Wisła (1)";10798;5193;5605;1927;1010;917;6221;3259;2962;2650;924;1726;109;" (1)"
"2403042";"Brenna (2)";11721;5814;5907;2423;1279;1144;6767;3624;3143;2531;911;1620;95;" (2)"
"2403052";"Chybie (2)";9633;4742;4891;2069;1051;1018;5685;3049;2636;1879;642;1237;32;" (2)"
"2403062";"Dębowiec (2)";5759;2859;2900;1224;649;575;3473;1840;1633;1062;370;692;43;" (2)"
"2403072";"Goleszów (2)";13165;6375;6790;2569;1312;1257;7594;3998;3596;3002;1065;1937;66;" (2)"
"2403082";"Hażlach (2)";10782;5341;5441;2206;1126;1080;6627;3535;3092;1949;680;1269;49;" (2)"
"2403092";"Istebna (2)";12178;6114;6064;2915;1501;1414;7285;3948;3337;1978;665;1313;84;" (2)"
"2403103";"Skoczów (3)";26343;12635;13708;5163;2644;2519;15293;8002;7291;5887;1989;3898;64;" (3)"
"2403113";"Strumień (3)";13288;6636;6652;2867;1524;1343;7842;4208;3634;2579;904;1675;59;" (3)"
"2403122";"Zebrzydowice (2)";12810;6316;6494;2498;1305;1193;7509;4001;3508;2803;1010;1793;41;" (2)"
"2404013";"Blachownia (3)";12667;5988;6679;2082;1020;1062;7340;3886;3454;3245;1082;2163;67;" (3)"
"2404022";"Dąbrowa Zielona (2)";3672;1840;1832;520;253;267;2124;1207;917;1028;380;648;100;" (2)"
"2404032";"Janów (2)";5873;2949;2924;1070;566;504;3456;1909;1547;1347;474;873;146;" (2)"
"2404042";"Kamienica Polska (2)";5417;2657;2760;906;490;416;3121;1680;1441;1390;487;903;46;" (2)"
"2404052";"Kłomnice (2)";13047;6313;6734;2112;1067;1045;7860;4211;3649;3075;1035;2040;147;" (2)"
"2404063";"Koniecpol (3)";8866;4363;4503;1381;689;692;5145;2823;2322;2340;851;1489;147;" (3)"
"2404072";"Konopiska (2)";10738;5165;5573;1983;990;993;6371;3365;3006;2384;810;1574;79;" (2)"
"2404082";"Kruszyna (2)";4700;2326;2374;815;415;400;2918;1589;1329;967;322;645;94;" (2)"
"2404092";"Lelów (2)";4632;2354;2278;756;382;374;2691;1537;1154;1185;435;750;124;" (2)"
"2404102";"Mstów (2)";10823;5317;5506;2021;1009;1012;6543;3516;3027;2259;792;1467;120;" (2)"
"2404112";"Mykanów (2)";15334;7711;7623;3032;1593;1439;9206;4992;4214;3096;1126;1970;141;" (2)"
"2404122";"Olsztyn (2)";8179;4021;4158;1572;822;750;4845;2574;2271;1762;625;1137;109;" (2)"
"2404132";"Poczesna (2)";12537;6135;6402;2200;1142;1058;7462;4029;3433;2875;964;1911;60;" (2)"
"2404142";"Przyrów (2)";3585;1779;1806;601;300;301;2093;1170;923;891;309;582;80;" (2)"
"2404152";"Rędziny (2)";9588;4709;4879;1707;884;823;5777;3137;2640;2104;688;1416;41;" (2)"
"2404162";"Starcza (2)";2871;1405;1466;539;263;276;1706;933;773;626;209;417;20;" (2)"
"2405011";"Knurów (1)";36261;17516;18745;6614;3350;3264;21264;11323;9941;8383;2843;5540;34;" (1)"
"2405021";"Pyskowice (1)";17248;8311;8937;2975;1547;1428;10286;5461;4825;3987;1303;2684;31;" (1)"
"2405032";"Gierałtowice (2)";12504;6095;6409;2729;1390;1339;7303;3838;3465;2472;867;1605;38;" (2)"
"2405042";"Pilchowice (2)";12427;6117;6310;2609;1351;1258;7451;3955;3496;2367;811;1556;70;" (2)"
"2405052";"Rudziniec (2)";10866;5349;5517;2024;1044;980;6607;3528;3079;2235;777;1458;159;" (2)"
"2405063";"Sośnicowice (3)";8941;4268;4673;1815;928;887;5336;2749;2587;1790;591;1199;116;" (3)"
"2405073";"Toszek (3)";9283;4528;4755;1690;862;828;5704;3042;2662;1889;624;1265;100;" (3)"
"2405082";"Wielowieś (2)";5855;2837;3018;1066;558;508;3667;1902;1765;1122;377;745;116;" (2)"
"2406013";"Kłobuck (3)";19881;9680;10201;3397;1782;1615;11756;6279;5477;4728;1619;3109;130;" (3)"
"2406023";"Krzepice (3)";8656;4265;4391;1462;759;703;5087;2787;2300;2107;719;1388;79;" (3)"
"2406032";"Lipie (2)";6024;2980;3044;1032;505;527;3571;1961;1610;1421;514;907;99;" (2)"
"2406042";"Miedźno (2)";7434;3666;3768;1408;718;690;4464;2401;2063;1562;547;1015;113;" (2)"
"2406052";"Opatów (2)";6648;3320;3328;1267;665;602;3995;2169;1826;1386;486;900;73;" (2)"
"2406062";"Panki (2)";4892;2399;2493;890;430;460;2918;1585;1333;1084;384;700;55;" (2)"
"2406072";"Popów (2)";5791;2850;2941;1049;499;550;3468;1918;1550;1274;433;841;102;" (2)"
"2406082";"Przystajń (2)";5721;2866;2855;1023;519;504;3406;1864;1542;1292;483;809;89;" (2)"
"2406092";"Wręczyca Wielka (2)";17722;8769;8953;3233;1670;1563;10699;5779;4920;3790;1320;2470;149;" (2)"
"2407011";"Lubliniec (1)";23542;11453;12089;4162;2092;2070;13952;7538;6414;5428;1823;3605;89;" (1)"
"2407022";"Boronów (2)";3316;1657;1659;638;325;313;1993;1090;903;685;242;443;57;" (2)"
"2407032";"Ciasna (2)";7308;3647;3661;1279;678;601;4581;2483;2098;1448;486;962;134;" (2)"
"2407042";"Herby (2)";6492;3221;3271;1211;631;580;3844;2092;1752;1437;498;939;86;" (2)"
"2407052";"Kochanowice (2)";6929;3418;3511;1411;737;674;4289;2268;2021;1229;413;816;80;" (2)"
"2407062";"Koszęcin (2)";11932;5841;6091;2306;1162;1144;7136;3827;3309;2490;852;1638;129;" (2)"
"2407072";"Pawonków (2)";6519;3233;3286;1261;641;620;4084;2202;1882;1174;390;784;119;" (2)"
"2407083";"Woźniki (3)";9443;4670;4773;1742;909;833;5676;3063;2613;2025;698;1327;128;" (3)"
"2408011";"Łaziska Górne (1)";21432;10394;11038;4075;2107;1968;12761;6764;5997;4596;1523;3073;20;" (1)"
"2408021";"Mikołów (1)";41314;19835;21479;8014;4049;3965;24107;12682;11425;9193;3104;6089;79;" (1)"
"2408031";"Orzesze (1)";21687;10754;10933;4853;2545;2308;12745;6797;5948;4089;1412;2677;84;" (1)"
"2408042";"Ornontowice (2)";6157;3028;3129;1346;680;666;3736;1976;1760;1075;372;703;15;" (2)"
"2408052";"Wyry (2)";8896;4388;4508;2128;1088;1040;5308;2813;2495;1460;487;973;35;" (2)"
"2409011";"Myszków (1)";30072;14271;15801;4982;2463;2519;17387;9258;8129;7703;2550;5153;74;" (1)"
"2409023";"Koziegłowy (3)";14186;6838;7348;2484;1239;1245;8254;4423;3831;3448;1176;2272;160;" (3)"
"2409032";"Niegowa (2)";5416;2722;2694;1023;545;478;3212;1744;1468;1181;433;748;87;" (2)"
"2409042";"Poraj (2)";10705;5092;5613;1634;819;815;6113;3264;2849;2958;1009;1949;57;" (2)"
"2409053";"Żarki (3)";8213;4017;4196;1513;791;722;4758;2547;2211;1942;679;1263;101;" (3)"
"2410012";"Goczałkowice-Zdrój (2)";6624;3210;3414;1314;678;636;3933;2057;1876;1377;475;902;47;" (2)"
"2410022";"Kobiór (2)";5084;2506;2578;1034;496;538;2973;1602;1371;1077;408;669;48;" (2)"
"2410032";"Miedźna (2)";16151;8032;8119;3523;1761;1762;10232;5500;4732;2396;771;1625;50;" (2)"
"2410042";"Pawłowice (2)";17664;8740;8924;3805;1956;1849;10828;5775;5053;3031;1009;2022;76;" (2)"
"2410053";"Pszczyna (3)";52786;25603;27183;11177;5651;5526;31105;16382;14723;10504;3570;6934;175;" (3)"
"2410062";"Suszec (2)";12584;6218;6366;2989;1484;1505;7678;4082;3596;1917;652;1265;75;" (2)"
"2411011";"Racibórz (1)";50743;24095;26648;8072;4131;3941;30213;15924;14289;12458;4040;8418;75;" (1)"
"2411022";"Kornowac (2)";5114;2520;2594;1058;548;510;3099;1647;1452;957;325;632;26;" (2)"
"2411033";"Krzanowice (3)";5355;2612;2743;901;453;448;3323;1793;1530;1131;366;765;47;" (3)"
"2411042";"Krzyżanowice (2)";10791;5237;5554;1950;991;959;6559;3497;3062;2282;749;1533;70;" (2)"
"2411053";"Kuźnia Raciborska (3)";10763;5353;5410;1906;1006;900;6554;3536;3018;2303;811;1492;127;" (3)"
"2411062";"Nędza (2)";6709;3281;3428;1221;631;590;4181;2202;1979;1307;448;859;57;" (2)"
"2411072";"Pietrowice Wielkie (2)";6518;3099;3419;1112;556;556;4056;2101;1955;1350;442;908;68;" (2)"
"2411082";"Rudnik (2)";4849;2373;2476;885;440;445;3015;1608;1407;949;325;624;74;" (2)"
"2412013";"Czerwionka-Leszczyny (3)";40538;19780;20758;8081;4082;3999;24064;12920;11144;8393;2778;5615;115;" (3)"
"2412022";"Gaszowice (2)";9820;4856;4964;2108;1061;1047;5773;3115;2658;1939;680;1259;20;" (2)"
"2412032";"Jejkowice (2)";4155;2067;2088;934;489;445;2476;1327;1149;745;251;494;8;" (2)"
"2412042";"Lyski (2)";9714;4779;4935;1836;955;881;5900;3176;2724;1978;648;1330;57;" (2)"
"2412052";"Świerklany (2)";12580;6170;6410;2885;1469;1416;7451;3906;3545;2244;795;1449;24;" (2)"
"2413011";"Kalety (1)";8206;4014;4192;1379;721;658;4957;2652;2305;1870;641;1229;76;" (1)"
"2413021";"Miasteczko Śląskie (1)";7044;3390;3654;1248;633;615;4202;2205;1997;1594;552;1042;68;" (1)"
"2413031";"Radzionków (1)";16193;7830;8363;2982;1493;1489;9293;4929;4364;3918;1408;2510;13;" (1)"
"2413041";"Tarnowskie Góry (1)";61343;29458;31885;11010;5621;5389;35555;18778;16777;14778;5059;9719;84;" (1)"
"2413052";"Krupski Młyn (2)";3059;1505;1554;499;264;235;1800;989;811;760;252;508;39;" (2)"
"2413062";"Ożarowice (2)";5909;2875;3034;1095;556;539;3484;1860;1624;1330;459;871;46;" (2)"
"2413072";"Świerklaniec (2)";12887;6257;6630;2546;1273;1273;7762;4118;3644;2579;866;1713;45;" (2)"
"2413082";"Tworóg (2)";8228;4034;4194;1433;717;716;4987;2690;2297;1808;627;1181;125;" (2)"
"2413092";"Zbrosławice (2)";16292;8041;8251;3245;1678;1567;9877;5269;4608;3170;1094;2076;148;" (2)"
"2414011";"Bieruń (1)";19087;9441;9646;3753;1906;1847;11513;6276;5237;3821;1259;2562;40;" (1)"
"2414021";"Imielin (1)";9377;4584;4793;2009;1044;965;5495;2898;2597;1873;642;1231;28;" (1)"
"2414031";"Lędziny (1)";16489;8166;8323;3382;1740;1642;10064;5397;4667;3043;1029;2014;32;" (1)"
"2414042";"Bojszowy (2)";8269;4082;4187;1922;955;967;4985;2664;2321;1362;463;899;35;" (2)"
"2414052";"Chełm Śląski (2)";6291;3026;3265;1264;641;623;3711;1914;1797;1316;471;845;23;" (2)"
"2415011";"Pszów (1)";13218;6478;6740;2304;1211;1093;7991;4297;3694;2923;970;1953;20;" (1)"
"2415021";"Radlin (1)";17067;8211;8856;3246;1607;1639;10096;5346;4750;3725;1258;2467;13;" (1)"
"2415031";"Rydułtowy (1)";20561;9943;10618;3789;2007;1782;11965;6322;5643;4807;1614;3193;15;" (1)"
"2415041";"Wodzisław Śląski (1)";45571;21896;23675;7855;4097;3758;26812;14124;12688;10904;3675;7229;50;" (1)"
"2415052";"Godów (2)";13702;6679;7023;2805;1412;1393;8014;4246;3768;2883;1021;1862;38;" (2)"
"2415062";"Gorzyce (2)";21106;10437;10669;4236;2152;2084;12547;6755;5792;4323;1530;2793;64;" (2)"
"2415072";"Lubomia (2)";7667;3687;3980;1508;744;764;4591;2426;2165;1568;517;1051;42;" (2)"
"2415082";"Marklowice (2)";5371;2671;2700;1081;567;514;3172;1707;1465;1118;397;721;14;" (2)"
"2415092";"Mszana (2)";7589;3753;3836;1677;862;815;4517;2419;2098;1395;472;923;31;" (2)"
"2416011";"Poręba (1)";8250;3952;4298;1340;705;635;4677;2488;2189;2233;759;1474;40;" (1)"
"2416021";"Zawiercie (1)";47220;22186;25034;7495;3844;3651;26587;14024;12563;13138;4318;8820;85;" (1)"
"2416032";"Irządze (2)";2529;1282;1247;416;216;200;1451;813;638;662;253;409;71;" (2)"
"2416042";"Kroczyce (2)";6115;3081;3034;1060;554;506;3651;2007;1644;1404;520;884;110;" (2)"
"2416053";"Łazy (3)";15657;7586;8071;2603;1356;1247;9077;4892;4185;3977;1338;2639;133;" (3)"
"2416063";"Ogrodzieniec (3)";8962;4331;4631;1394;714;680;5220;2832;2388;2348;785;1563;85;" (3)"
"2416073";"Pilica (3)";8176;4091;4085;1403;734;669;4678;2576;2102;2095;781;1314;143;" (3)"
"2416083";"Szczekociny (3)";7184;3593;3591;1112;589;523;4088;2272;1816;1984;732;1252;134;" (3)"
"2416092";"Włodowice (2)";5167;2538;2629;886;465;421;3008;1619;1389;1273;454;819;77;" (2)"
"2416102";"Żarnowiec (2)";4474;2225;2249;850;432;418;2543;1375;1168;1081;418;663;125;" (2)"
"2417011";"Żywiec (1)";30043;14435;15608;5215;2680;2535;17525;9369;8156;7303;2386;4917;51;" (1)"
"2417022";"Czernichów (2)";6481;3141;3340;1115;578;537;3815;2022;1793;1551;541;1010;56;" (2)"
"2417032";"Gilowice (2)";6245;3093;3152;1347;689;658;3695;1986;1709;1203;418;785;28;" (2)"
"2417042";"Jeleśnia (2)";12788;6382;6406;2424;1258;1166;7694;4170;3524;2670;954;1716;170;" (2)"
"2417052";"Koszarawa (2)";2242;1165;1077;407;218;189;1344;763;581;491;184;307;32;" (2)"
"2417062";"Lipowa (2)";10847;5300;5547;2249;1124;1125;6560;3491;3069;2038;685;1353;59;" (2)"
"2417072";"Łękawica (2)";4502;2217;2285;906;448;458;2769;1488;1281;827;281;546;43;" (2)"
"2417082";"Łodygowice (2)";15045;7389;7656;3219;1686;1533;8958;4724;4234;2868;979;1889;36;" (2)"
"2417092";"Milówka (2)";9888;4843;5045;1923;966;957;6089;3256;2833;1876;621;1255;99;" (2)"
"2417102";"Radziechowy-Wieprz (2)";12900;6328;6572;2678;1345;1333;7794;4183;3611;2428;800;1628;65;" (2)"
"2417112";"Rajcza (2)";8502;4150;4352;1530;769;761;5009;2722;2287;1963;659;1304;131;" (2)"
"2417122";"Ślemień (2)";3526;1698;1828;699;336;363;2042;1074;968;785;288;497;45;" (2)"
"2417132";"Świnna (2)";7931;3871;4060;1502;743;759;4807;2573;2234;1622;555;1067;39;" (2)"
"2417142";"Ujsoły (2)";4261;2132;2129;716;372;344;2546;1430;1116;999;330;669;110;" (2)"
"2417152";"Węgierska Górka (2)";14599;7158;7441;3049;1544;1505;8638;4659;3979;2912;955;1957;76;" (2)"
"2461011";"Bielsko-Biała (1)";168106;79436;88670;28848;14819;14029;95250;49819;45431;44008;14798;29210;125;" (1)"
"2462011";"Bytom (1)";151691;72449;79242;24573;12514;12059;90805;48200;42605;36313;11735;24578;69;" (1)"
"2463011";"Chorzów (1)";103229;48959;54270;17588;8909;8679;61376;32242;29134;24265;7808;16457;33;" (1)"
"2464011";"Częstochowa (1)";210773;98677;112096;31848;16284;15564;119212;63103;56109;59713;19290;40423;160;" (1)"
"2465011";"Dąbrowa Górnicza (1)";115955;55383;60572;18426;9508;8918;65622;34841;30781;31907;11034;20873;189;" (1)"
"2466011";"Gliwice (1)";172628;82668;89960;28270;14425;13845;100190;53252;46938;44168;14991;29177;134;" (1)"
"2467011";"Jastrzębie-Zdrój (1)";83987;40732;43255;14459;7405;7054;49377;26347;23030;20151;6980;13171;85;" (1)"
"2468011";"Jaworzno (1)";88267;42624;45643;14736;7607;7129;52464;28178;24286;21067;6839;14228;153;" (1)"
"2469011";"Katowice (1)";282755;133348;149407;41099;21064;20035;167228;87546;79682;74428;24738;49690;165;" (1)"
"2470011";"Mysłowice (1)";72124;34855;37269;13329;6808;6521;42998;22840;20158;15797;5207;10590;66;" (1)"
"2471011";"Piekary Śląskie (1)";52699;25276;27423;8762;4535;4227;30776;16439;14337;13161;4302;8859;40;" (1)"
"2472011";"Ruda Śląska (1)";132766;64000;68766;23676;12155;11521;78851;41943;36908;30239;9902;20337;78;" (1)"
"2473011";"Rybnik (1)";132923;64704;68219;24260;12530;11730;78448;41857;36591;30215;10317;19898;148;" (1)"
"2474011";"Siemianowice Śląskie (1)";64365;30483;33882;10700;5391;5309;37384;19768;17616;16281;5324;10957;25;" (1)"
"2475011";"Sosnowiec (1)";191676;90266;101410;27850;14234;13616;108554;57581;50973;55272;18451;36821;91;" (1)"
"2476011";"Świętochłowice (1)";46112;22042;24070;7905;4025;3880;27164;14414;12750;11043;3603;7440;13;" (1)"
"2477011";"Tychy (1)";124139;59521;64618;22000;11356;10644;70778;37535;33243;31361;10630;20731;82;" (1)"
"2478011";"Zabrze (1)";156935;75629;81306;25558;13251;12307;94395;49984;44411;36982;12394;24588;80;" (1)"
"2479011";"Żory (1)";61839;30171;31668;12188;6302;5886;35507;18752;16755;14144;5117;9027;65;" (1)"
"2601013";"Busko-Zdrój (3)";31087;14952;16135;5130;2658;2472;17736;9519;8217;8221;2775;5446;236;" (3)"
"2601022";"Gnojno (2)";4266;2205;2061;731;372;359;2491;1430;1061;1044;403;641;96;" (2)"
"2601033";"Nowy Korczyn (3)";5548;2755;2793;873;449;424;3181;1771;1410;1494;535;959;117;" (3)"
"2601043";"Pacanów (3)";7003;3423;3580;1141;603;538;4085;2224;1861;1777;596;1181;125;" (3)"
"2601052";"Solec-Zdrój (2)";4911;2419;2492;867;450;417;2851;1546;1305;1193;423;770;85;" (2)"
"2601063";"Stopnica (3)";7268;3568;3700;1211;585;626;4263;2329;1934;1794;654;1140;125;" (3)"
"2601072";"Tuczępy (2)";3639;1824;1815;630;321;309;2163;1192;971;846;311;535;84;" (2)"
"2601083";"Wiślica (3)";5188;2564;2624;826;388;438;3056;1706;1350;1306;470;836;100;" (3)"
"2602012";"Imielno (2)";4214;2123;2091;769;390;379;2376;1321;1055;1069;412;657;101;" (2)"
"2602023";"Jędrzejów (3)";27062;13047;14015;4701;2420;2281;15515;8314;7201;6846;2313;4533;227;" (3)"
"2602033";"Małogoszcz (3)";11178;5591;5587;2155;1119;1036;6626;3607;3019;2397;865;1532;146;" (3)"
"2602042";"Nagłowice (2)";4752;2383;2369;913;465;448;2701;1486;1215;1138;432;706;117;" (2)"
"2602052";"Oksa (2)";4422;2217;2205;817;414;403;2521;1401;1120;1084;402;682;91;" (2)"
"2602063";"Sędziszów (3)";11963;5928;6035;2116;1077;1039;6818;3755;3063;3029;1096;1933;146;" (3)"
"2602072";"Słupia (2)";3981;1992;1989;722;366;356;2288;1266;1022;971;360;611;108;" (2)"
"2602082";"Sobków (2)";8411;4197;4214;1696;853;843;4936;2693;2243;1779;651;1128;144;" (2)"
"2602093";"Wodzisław (3)";6517;3274;3243;1062;559;503;3604;2033;1571;1851;682;1169;177;" (3)"
"2603012";"Bejsce (2)";3910;1921;1989;573;275;298;2361;1294;1067;976;352;624;57;" (2)"
"2603022";"Czarnocin (2)";3655;1825;1830;546;272;274;2150;1205;945;959;348;611;70;" (2)"
"2603033";"Kazimierza Wielka (3)";15431;7529;7902;2402;1241;1161;9124;4921;4203;3905;1367;2538;140;" (3)"
"2603043";"Opatowiec (3)";3047;1507;1540;427;221;206;1696;955;741;924;331;593;69;" (3)"
"2603053";"Skalbmierz (3)";6238;3110;3128;1085;578;507;3676;2017;1659;1477;515;962;86;" (3)"
"2604012";"Bieliny (2)";9994;4994;5000;2079;1067;1012;6167;3343;2824;1748;584;1164;88;" (2)"
"2604023";"Bodzentyn (3)";11107;5584;5523;2136;1148;988;6669;3651;3018;2302;785;1517;160;" (3)"
"2604033";"Chęciny (3)";14887;7339;7548;2799;1420;1379;8855;4774;4081;3233;1145;2088;127;" (3)"
"2604043";"Chmielnik (3)";10884;5485;5399;1995;1039;956;6438;3522;2916;2451;924;1527;142;" (3)"
"2604053";"Daleszyce (3)";16227;8093;8134;3281;1671;1610;9950;5382;4568;2996;1040;1956;222;" (3)"
"2604062";"Górno (2)";14986;7426;7560;3282;1655;1627;9349;4969;4380;2355;802;1553;83;" (2)"
"2604073";"Łagów (3)";6609;3413;3196;1292;679;613;4002;2246;1756;1315;488;827;113;" (3)"
"2604082";"Łopuszno (2)";8787;4444;4343;1743;925;818;5335;2892;2443;1709;627;1082;177;" (2)"
"2604092";"Masłów (2)";11786;5910;5876;2446;1244;1202;7270;3955;3315;2070;711;1359;86;" (2)"
"2604102";"Miedziana Góra (2)";12402;6136;6266;2613;1327;1286;7540;4015;3525;2249;794;1455;71;" (2)"
"2604112";"Mniów (2)";9156;4508;4648;1783;892;891;5653;3031;2622;1720;585;1135;95;" (2)"
"2604123";"Morawica (3)";17508;8840;8668;3904;2058;1846;10701;5740;4961;2903;1042;1861;140;" (3)"
"2604133";"Nowa Słupia (3)";9061;4462;4599;1573;788;785;5337;2920;2417;2151;754;1397;86;" (3)"
"2604142";"Piekoszów (2)";16783;8218;8565;3422;1700;1722;10449;5555;4894;2912;963;1949;103;" (2)"
"2604153";"Pierzchnica (3)";4776;2392;2384;901;464;437;2797;1552;1245;1078;376;702;105;" (3)"
"2604162";"Raków (2)";5350;2682;2668;921;478;443;3138;1756;1382;1291;448;843;191;" (2)"
"2604172";"Nowiny (2)";7929;3929;4000;1573;814;759;4788;2581;2207;1568;534;1034;46;" (2)"
"2604182";"Strawczyn (2)";11027;5525;5502;2407;1227;1180;6834;3681;3153;1786;617;1169;86;" (2)"
"2604192";"Zagnańsk (2)";12380;6079;6301;2134;1117;1017;7355;3982;3373;2891;980;1911;125;" (2)"
"2605012";"Fałków (2)";4041;2028;2013;664;353;311;2260;1279;981;1117;396;721;132;" (2)"
"2605022";"Gowarczów (2)";4463;2229;2234;798;394;404;2651;1472;1179;1014;363;651;101;" (2)"
"2605033";"Końskie (3)";33204;16050;17154;5185;2625;2560;19076;10367;8709;8943;3058;5885;250;" (3)"
"2605043";"Radoszyce (3)";8307;4174;4133;1539;790;749;4898;2740;2158;1870;644;1226;146;" (3)"
"2605052";"Ruda Maleniecka (2)";2908;1451;1457;467;241;226;1657;935;722;784;275;509;110;" (2)"
"2605062";"Słupia Konecka (2)";3064;1598;1466;495;264;231;1826;1050;776;743;284;459;106;" (2)"
"2605072";"Smyków (2)";3688;1845;1843;727;358;369;2237;1227;1010;724;260;464;62;" (2)"
"2605083";"Stąporków (3)";15721;7713;8008;2231;1173;1058;8853;4996;3857;4637;1544;3093;232;" (3)"
"2606012";"Baćkowice (2)";4637;2354;2283;849;443;406;2774;1546;1228;1014;365;649;96;" (2)"
"2606022";"Iwaniska (2)";6208;3171;3037;1137;562;575;3758;2119;1639;1313;490;823;105;" (2)"
"2606032";"Lipnik (2)";4923;2499;2424;816;436;380;2929;1609;1320;1178;454;724;81;" (2)"
"2606043";"Opatów (3)";11009;5300;5709;1672;855;817;6316;3409;2907;3021;1036;1985;114;" (3)"
"2606053";"Ożarów (3)";10323;5073;5250;1716;896;820;5987;3244;2743;2620;933;1687;183;" (3)"
"2606062";"Sadowie (2)";3814;1862;1952;635;320;315;2214;1189;1025;965;353;612;82;" (2)"
"2606072";"Tarłów (2)";4723;2342;2381;698;376;322;2761;1515;1246;1264;451;813;164;" (2)"
"2606082";"Wojciechowice (2)";3833;1917;1916;648;347;301;2223;1219;1004;962;351;611;86;" (2)"
"2607011";"Ostrowiec Świętokrzyski (1)";63932;30006;33926;9275;4827;4448;35314;18826;16488;19343;6353;12990;46;" (1)"
"2607022";"Bałtów (2)";3215;1592;1623;485;237;248;1917;1077;840;813;278;535;105;" (2)"
"2607032";"Bodzechów (2)";12758;6254;6504;2033;1074;959;7488;4067;3421;3237;1113;2124;122;" (2)"
"2607043";"Ćmielów (3)";6861;3328;3533;1107;544;563;3975;2200;1775;1779;584;1195;118;" (3)"
"2607053";"Kunów (3)";9334;4563;4771;1564;758;806;5549;3041;2508;2221;764;1457;114;" (3)"
"2607062";"Waśniów (2)";6452;3241;3211;1187;616;571;3716;2070;1646;1549;555;994;112;" (2)"
"2608013";"Działoszyce (3)";4675;2312;2363;720;362;358;2596;1439;1157;1359;511;848;106;" (3)"
"2608022";"Kije (2)";4295;2140;2155;720;361;359;2504;1403;1101;1071;376;695;100;" (2)"
"2608032";"Michałów (2)";4461;2239;2222;820;418;402;2568;1425;1143;1073;396;677;112;" (2)"
"2608043";"Pińczów (3)";19640;9560;10080;3225;1639;1586;11336;6162;5174;5079;1759;3320;213;" (3)"
"2608052";"Złota (2)";4301;2127;2174;658;334;324;2470;1368;1102;1173;425;748;82;" (2)"
"2609011";"Sandomierz (1)";21944;10198;11746;3164;1587;1577;12750;6624;6126;6030;1987;4043;29;" (1)"
"2609022";"Dwikozy (2)";8311;4093;4218;1389;708;681;4859;2666;2193;2063;719;1344;85;" (2)"
"2609033";"Klimontów (3)";7585;3760;3825;1335;698;637;4531;2450;2081;1719;612;1107;99;" (3)"
"2609043";"Koprzywnica (3)";6315;3115;3200;1045;540;505;3726;2008;1718;1544;567;977;69;" (3)"
"2609052";"Łoniów (2)";7231;3609;3622;1297;634;663;4217;2334;1883;1717;641;1076;87;" (2)"
"2609062";"Obrazów (2)";6202;3076;3126;1050;525;525;3617;2002;1615;1535;549;986;72;" (2)"
"2609072";"Samborzec (2)";8197;4049;4148;1383;706;677;4756;2618;2138;2058;725;1333;85;" (2)"
"2609082";"Wilczyce (2)";3494;1753;1741;588;287;301;2059;1141;918;847;325;522;70;" (2)"
"2609093";"Zawichost (3)";4141;2033;2108;722;377;345;2356;1278;1078;1063;378;685;80;" (3)"
"2610011";"Skarżysko-Kamienna (1)";42458;20059;22399;6006;3140;2866;23267;12647;10620;13185;4272;8913;64;" (1)"
"2610022";"Bliżyn (2)";7628;3783;3845;1166;609;557;4541;2527;2014;1921;647;1274;141;" (2)"
"2610032";"Łączna (2)";4967;2465;2502;879;453;426;3052;1678;1374;1036;334;702;62;" (2)"
"2610042";"Skarżysko Kościelne (2)";5589;2743;2846;959;467;492;3239;1817;1422;1391;459;932;53;" (2)"
"2610053";"Suchedniów (3)";9434;4587;4847;1403;716;687;5405;2964;2441;2626;907;1719;75;" (3)"
"2611011";"Starachowice (1)";45684;21629;24055;6509;3320;3189;25284;13803;11481;13891;4506;9385;32;" (1)"
"2611022";"Brody (2)";10347;5150;5197;1771;962;809;6227;3409;2818;2349;779;1570;161;" (2)"
"2611032";"Mirzec (2)";8024;3989;4035;1530;797;733;4684;2573;2111;1810;619;1191;111;" (2)"
"2611042";"Pawłów (2)";14912;7518;7394;3107;1563;1544;8933;4902;4031;2872;1053;1819;137;" (2)"
"2611053";"Wąchock (3)";6457;3140;3317;977;495;482;3690;2048;1642;1790;597;1193;82;" (3)"
"2612012";"Bogoria (2)";7500;3743;3757;1434;732;702;4419;2419;2000;1647;592;1055;123;" (2)"
"2612022";"Łubnice (2)";3979;1959;2020;701;358;343;2289;1254;1035;989;347;642;84;" (2)"
"2612033";"Oleśnica (3)";3802;1888;1914;669;336;333;2295;1263;1032;838;289;549;53;" (3)"
"2612043";"Osiek (3)";7474;3802;3672;1392;715;677;4443;2478;1965;1639;609;1030;129;" (3)"
"2612053";"Połaniec (3)";11190;5533;5657;2078;1063;1015;6585;3552;3033;2527;918;1609;75;" (3)"
"2612062";"Rytwiany (2)";6298;3176;3122;1132;589;543;3759;2096;1663;1407;491;916;125;" (2)"
"2612073";"Staszów (3)";24888;12161;12727;4159;2156;2003;14404;7728;6676;6325;2277;4048;228;" (3)"
"2612083";"Szydłów (3)";4384;2204;2180;758;386;372;2559;1432;1127;1067;386;681;108;" (3)"
"2613012";"Kluczewsko (2)";4973;2549;2424;946;484;462;2974;1675;1299;1053;390;663;137;" (2)"
"2613022";"Krasocin (2)";10270;5205;5065;1961;1044;917;6168;3396;2772;2141;765;1376;193;" (2)"
"2613032";"Moskorzew (2)";2584;1300;1284;406;203;203;1446;808;638;732;289;443;73;" (2)"
"2613042";"Radków (2)";2331;1170;1161;374;193;181;1266;724;542;691;253;438;88;" (2)"
"2613052";"Secemin (2)";4620;2324;2296;808;423;385;2587;1471;1116;1225;430;795;163;" (2)"
"2613063";"Włoszczowa (3)";18882;9287;9595;3306;1733;1573;11011;5967;5044;4565;1587;2978;254;" (3)"
"2661011";"Kielce (1)";185478;86367;99111;29748;15220;14528;105234;54576;50658;50496;16571;33925;110;" (1)"
"2801011";"Bartoszyce (1)";22020;10370;11650;3618;1808;1810;12697;6767;5930;5705;1795;3910;11;" (1)"
"2801021";"Górowo Iławeckie (1)";3738;1776;1962;601;306;295;2141;1161;980;996;309;687;3;" (1)"
"2801032";"Bartoszyce (2)";10275;5190;5085;2024;1057;967;6319;3476;2843;1932;657;1275;428;" (2)"
"2801043";"Bisztynek (3)";5772;2809;2963;999;478;521;3488;1923;1565;1285;408;877;203;" (3)"
"2801052";"Górowo Iławeckie (2)";6220;3212;3008;1136;619;517;3824;2175;1649;1260;418;842;416;" (2)"
"2801063";"Sępopol (3)";5805;2927;2878;1035;569;466;3440;1932;1508;1330;426;904;246;" (3)"
"2802011";"Braniewo (1)";16411;7920;8491;2972;1532;1440;9792;5250;4542;3647;1138;2509;12;" (1)"
"2802022";"Braniewo (2)";5473;2821;2652;1007;502;505;3438;1967;1471;1028;352;676;307;" (2)"
"2802033";"Frombork (3)";3203;1584;1619;514;279;235;1897;1029;868;792;276;516;124;" (3)"
"2802042";"Lelkowo (2)";2465;1241;1224;391;189;202;1546;874;672;528;178;350;198;" (2)"
"2802053";"Pieniężno (3)";5640;2898;2742;860;447;413;3417;1977;1440;1363;474;889;243;" (3)"
"2802062";"Płoskinia (2)";2386;1247;1139;487;266;221;1449;822;627;450;159;291;170;" (2)"
"2802072";"Wilczęta (2)";2656;1354;1302;528;267;261;1563;880;683;565;207;358;148;" (2)"
"2803011";"Działdowo (1)";20520;9823;10697;3700;1911;1789;12003;6321;5682;4817;1591;3226;11;" (1)"
"2803022";"Działdowo (2)";9454;4824;4630;2134;1088;1046;5735;3176;2559;1585;560;1025;273;" (2)"
"2803032";"Iłowo-Osada (2)";6854;3339;3515;1428;722;706;4051;2155;1896;1375;462;913;104;" (2)"
"2803043";"Lidzbark (3)";13437;6585;6852;2590;1293;1297;7925;4321;3604;2922;971;1951;255;" (3)"
"2803052";"Płośnica (2)";5214;2642;2572;990;525;465;3116;1718;1398;1108;399;709;163;" (2)"
"2803062";"Rybno (2)";6817;3441;3376;1429;744;685;4108;2243;1865;1280;454;826;148;" (2)"
"2804012";"Elbląg (2)";7619;3865;3754;1544;786;758;4703;2574;2129;1372;505;867;192;" (2)"
"2804022";"Godkowo (2)";2772;1391;1381;510;245;265;1641;915;726;621;231;390;167;" (2)"
"2804032";"Gronowo Elbląskie (2)";4881;2458;2423;988;500;488;2956;1633;1323;937;325;612;89;" (2)"
"2804042";"Markusy (2)";3916;2026;1890;814;420;394;2447;1380;1067;655;226;429;110;" (2)"
"2804052";"Milejewo (2)";3303;1724;1579;680;360;320;2050;1150;900;573;214;359;96;" (2)"
"2804063";"Młynary (3)";4212;2121;2091;765;398;367;2607;1442;1165;840;281;559;158;" (3)"
"2804073";"Pasłęk (3)";18617;9185;9432;3499;1808;1691;11030;6011;5019;4088;1366;2722;264;" (3)"
"2804082";"Rychliki (2)";3564;1803;1761;663;349;314;2115;1204;911;786;250;536;132;" (2)"
"2804093";"Tolkmicko (3)";6084;3052;3032;1076;555;521;3625;1998;1627;1383;499;884;208;" (3)"
"2805011";"Ełk (1)";60248;28808;31440;11727;5953;5774;36019;18923;17096;12502;3932;8570;21;" (1)"
"2805022";"Ełk (2)";12108;6172;5936;2523;1281;1242;7583;4205;3378;2002;686;1316;380;" (2)"
"2805032";"Kalinowo (2)";6242;3299;2943;1188;641;547;3855;2206;1649;1199;452;747;284;" (2)"
"2805042";"Prostki (2)";6792;3462;3330;1376;699;677;4171;2337;1834;1245;426;819;231;" (2)"
"2805052";"Stare Juchy (2)";3381;1727;1654;545;278;267;2108;1196;912;728;253;475;197;" (2)"
"2806011";"Giżycko (1)";27978;13247;14731;4659;2321;2338;16261;8701;7560;7058;2225;4833;14;" (1)"
"2806042";"Giżycko (2)";8542;4313;4229;1662;850;812;5259;2905;2354;1621;558;1063;296;" (2)"
"2806052";"Kruklanki (2)";3003;1528;1475;599;301;298;1799;1018;781;605;209;396;202;" (2)"
"2806062";"Miłki (2)";3513;1751;1762;664;319;345;2119;1175;944;730;257;473;170;" (2)"
"2806083";"Ryn (3)";5470;2736;2734;961;498;463;3290;1835;1455;1219;403;816;205;" (3)"
"2806102";"Wydminy (2)";5903;2962;2941;1080;573;507;3546;1977;1569;1277;412;865;233;" (2)"
"2807011";"Iława (1)";32525;15512;17013;5726;2919;2807;18531;9832;8699;8268;2761;5507;22;" (1)"
"2807021";"Lubawa (1)";10622;5166;5456;2338;1210;1128;6337;3347;2990;1947;609;1338;17;" (1)"
"2807032";"Iława (2)";13183;6711;6472;3116;1640;1476;8107;4352;3755;1960;719;1241;424;" (2)"
"2807043";"Kisielice (3)";5617;2875;2742;1145;598;547;3328;1862;1466;1144;415;729;173;" (3)"
"2807052";"Lubawa (2)";10364;5306;5058;2362;1238;1124;6255;3461;2794;1747;607;1140;236;" (2)"
"2807063";"Susz (3)";11964;5989;5975;2505;1269;1236;7168;3922;3246;2291;798;1493;259;" (3)"
"2807073";"Zalewo (3)";6287;3173;3114;1119;578;541;3839;2150;1689;1329;445;884;254;" (3)"
"2808011";"Kętrzyn (1)";25933;12293;13640;4297;2200;2097;14667;7852;6815;6969;2241;4728;10;" (1)"
"2808022";"Barciany (2)";5699;2883;2816;1038;537;501;3426;1928;1498;1235;418;817;295;" (2)"
"2808032";"Kętrzyn (2)";7703;3863;3840;1553;763;790;4723;2612;2111;1427;488;939;285;" (2)"
"2808043";"Korsze (3)";8983;4482;4501;1592;807;785;5471;3080;2391;1920;595;1325;250;" (3)"
"2808053";"Reszel (3)";6772;3288;3484;1055;548;507;3935;2185;1750;1782;555;1227;179;" (3)"
"2808062";"Srokowo (2)";3476;1739;1737;574;293;281;2127;1196;931;775;250;525;194;" (2)"
"2809011";"Lidzbark Warmiński (1)";14780;6994;7786;2440;1271;1169;8573;4561;4012;3767;1162;2605;14;" (1)"
"2809022";"Kiwity (2)";3155;1587;1568;613;294;319;1919;1073;846;623;220;403;145;" (2)"
"2809032";"Lidzbark Warmiński (2)";6440;3285;3155;1205;612;593;4020;2244;1776;1215;429;786;373;" (2)"
"2809042";"Lubomino (2)";3392;1742;1650;721;373;348;2006;1138;868;665;231;434;149;" (2)"
"2809053";"Orneta (3)";11156;5442;5714;1955;1000;955;6519;3546;2973;2682;896;1786;244;" (3)"
"2810011";"Mrągowo (1)";21046;10013;11033;3525;1790;1735;12395;6583;5812;5126;1640;3486;15;" (1)"
"2810023";"Mikołajki (3)";7543;3704;3839;1228;649;579;4567;2472;2095;1748;583;1165;256;" (3)"
"2810032";"Mrągowo (2)";8027;3982;4045;1571;806;765;5033;2699;2334;1423;477;946;295;" (2)"
"2810042";"Piecki (2)";7266;3637;3629;1360;710;650;4462;2421;2041;1444;506;938;314;" (2)"
"2810052";"Sorkwity (2)";4442;2230;2212;870;452;418;2755;1523;1232;817;255;562;185;" (2)"
"2811012";"Janowiec Kościelny (2)";2965;1512;1453;589;289;300;1755;994;761;621;229;392;136;" (2)"
"2811022";"Janowo (2)";2530;1259;1271;510;259;251;1467;810;657;553;190;363;192;" (2)"
"2811032";"Kozłowo (2)";5476;2839;2637;1110;569;541;3366;1913;1453;1000;357;643;254;" (2)"
"2811043";"Nidzica (3)";19936;9760;10176;3550;1853;1697;11926;6466;5460;4460;1441;3019;379;" (3)"
"2812011";"Nowe Miasto Lubawskie (1)";10366;4904;5462;1895;945;950;6053;3195;2858;2418;764;1654;11;" (1)"
"2812022";"Biskupiec (2)";8774;4444;4330;1763;895;868;5275;2935;2340;1736;614;1122;242;" (2)"
"2812032";"Grodziczno (2)";5985;3042;2943;1338;673;665;3516;1965;1551;1131;404;727;154;" (2)"
"2812042";"Kurzętnik (2)";8959;4473;4486;2075;1085;990;5242;2789;2453;1642;599;1043;149;" (2)"
"2812052";"Nowe Miasto Lubawskie (2)";8389;4293;4096;1937;1028;909;5087;2780;2307;1365;485;880;138;" (2)"
"2813032";"Kowale Oleckie (2)";4621;2374;2247;871;435;436;2801;1626;1175;949;313;636;251;" (2)"
"2813043";"Olecko (3)";21256;10390;10866;4066;2109;1957;12447;6673;5774;4743;1608;3135;267;" (3)"
"2813052";"Świętajno (2)";3409;1772;1637;643;334;309;2072;1200;872;694;238;456;215;" (2)"
"2813062";"Wieliczki (2)";3193;1644;1549;624;314;310;1961;1117;844;608;213;395;141;" (2)"
"2814013";"Barczewo (3)";18157;9059;9098;3655;1856;1799;11026;5977;5049;3476;1226;2250;320;" (3)"
"2814023";"Biskupiec (3)";17989;8672;9317;3244;1623;1621;10778;5763;5015;3967;1286;2681;290;" (3)"
"2814033";"Dobre Miasto (3)";15214;7444;7770;2798;1411;1387;9006;4907;4099;3410;1126;2284;259;" (3)"
"2814042";"Dywity (2)";13203;6472;6731;2803;1412;1391;8134;4238;3896;2266;822;1444;161;" (2)"
"2814052";"Gietrzwałd (2)";6838;3410;3428;1427;733;694;4135;2217;1918;1276;460;816;172;" (2)"
"2814063";"Jeziorany (3)";7125;3514;3611;1271;668;603;4323;2351;1972;1531;495;1036;211;" (3)"
"2814072";"Jonkowo (2)";7693;3915;3778;1593;842;751;4784;2595;2189;1316;478;838;169;" (2)"
"2814082";"Kolno (2)";2818;1433;1385;486;271;215;1714;962;752;618;200;418;179;" (2)"
"2814093";"Olsztynek (3)";13239;6462;6777;2459;1246;1213;7959;4273;3686;2821;943;1878;372;" (3)"
"2814102";"Purda (2)";8886;4425;4461;1856;941;915;5481;2940;2541;1549;544;1005;317;" (2)"
"2814112";"Stawiguda (2)";14027;6888;7139;3630;1861;1769;8712;4412;4300;1685;615;1070;223;" (2)"
"2814122";"Świątki (2)";3746;1883;1863;760;392;368;2315;1284;1031;671;207;464;164;" (2)"
"2815011";"Ostróda (1)";31862;15038;16824;5397;2747;2650;18389;9613;8776;8076;2678;5398;14;" (1)"
"2815022";"Dąbrówno (2)";3969;2051;1918;774;397;377;2396;1363;1033;799;291;508;166;" (2)"
"2815032";"Grunwald (2)";5160;2587;2573;1121;553;568;3088;1724;1364;951;310;641;180;" (2)"
"2815042";"Łukta (2)";4432;2241;2191;895;455;440;2741;1510;1231;796;276;520;186;" (2)"
"2815052";"Małdyty (2)";5825;2945;2880;1143;570;573;3460;1953;1507;1222;422;800;189;" (2)"
"2815063";"Miłakowo (3)";5084;2541;2543;915;451;464;3079;1717;1362;1090;373;717;158;" (3)"
"2815073";"Miłomłyn (3)";4819;2406;2413;936;491;445;2900;1591;1309;983;324;659;161;" (3)"
"2815083";"Morąg (3)";23453;11588;11865;4518;2338;2180;13738;7583;6155;5197;1667;3530;311;" (3)"
"2815092";"Ostróda (2)";15993;8087;7906;3333;1700;1633;9791;5377;4414;2869;1010;1859;401;" (2)"
"2816013";"Biała Piska (3)";10688;5401;5287;2068;1055;1013;6566;3641;2925;2054;705;1349;420;" (3)"
"2816023";"Orzysz (3)";8466;4271;4195;1532;798;734;5107;2815;2292;1827;658;1169;363;" (3)"
"2816033";"Pisz (3)";26345;13041;13304;4957;2572;2385;15950;8702;7248;5438;1767;3671;634;" (3)"
"2816043";"Ruciane-Nida (3)";7447;3624;3823;1208;632;576;4329;2365;1964;1910;627;1283;358;" (3)"
"2817011";"Szczytno (1)";22299;10620;11679;3556;1857;1699;12854;6885;5969;5889;1878;4011;11;" (1)"
"2817022";"Dźwierzuty (2)";5964;3007;2957;1053;516;537;3702;2086;1616;1209;405;804;263;" (2)"
"2817032";"Jedwabno (2)";3458;1735;1723;637;328;309;2131;1184;947;690;223;467;312;" (2)"
"2817043";"Pasym (3)";5066;2526;2540;930;482;448;3106;1679;1427;1030;365;665;149;" (3)"
"2817052";"Rozogi (2)";5272;2709;2563;1081;545;536;3311;1881;1430;880;283;597;224;" (2)"
"2817062";"Szczytno (2)";13372;6719;6653;3061;1554;1507;8279;4459;3820;2032;706;1326;346;" (2)"
"2817072";"Świętajno (2)";5422;2759;2663;993;534;459;3242;1805;1437;1187;420;767;280;" (2)"
"2817083";"Wielbark (3)";6306;3221;3085;1369;706;663;3897;2162;1735;1040;353;687;348;" (3)"
"2818012";"Banie Mazurskie (2)";3330;1702;1628;490;263;227;2015;1140;875;825;299;526;205;" (2)"
"2818022";"Dubeninki (2)";2690;1347;1343;500;251;249;1541;864;677;649;232;417;205;" (2)"
"2818033";"Gołdap (3)";19388;9588;9800;4025;2078;1947;11565;6263;5302;3798;1247;2551;362;" (3)"
"2819012";"Budry (2)";2609;1322;1287;437;212;225;1577;900;677;595;210;385;175;" (2)"
"2819022";"Pozezdrze (2)";2995;1509;1486;507;249;258;1808;1036;772;680;224;456;177;" (2)"
"2819033";"Węgorzewo (3)";15656;7728;7928;2670;1407;1263;9049;5008;4041;3937;1313;2624;341;" (3)"
"2861011";"Elbląg (1)";114401;54572;59829;18788;9733;9055;66585;35340;31245;29028;9499;19529;80;" (1)"
"2862011";"Olsztyn (1)";169251;78789;90462;28821;14971;13850;99893;50820;49073;40537;12998;27539;88;" (1)"
"3001011";"Chodzież (1)";17851;8444;9407;2930;1516;1414;10213;5386;4827;4708;1542;3166;13;" (1)"
"3001023";"Budzyń (3)";8354;4219;4135;1767;923;844;5018;2785;2233;1569;511;1058;209;" (3)"
"3001032";"Chodzież (2)";6050;3032;3018;1293;661;632;3703;2000;1703;1054;371;683;213;" (2)"
"3001043";"Margonin (3)";6328;3200;3128;1368;743;625;3747;2021;1726;1213;436;777;123;" (3)"
"3001053";"Szamocin (3)";7230;3599;3631;1417;727;690;4447;2403;2044;1366;469;897;127;" (3)"
"3002011";"Czarnków (1)";10218;4942;5276;1769;945;824;5726;3055;2671;2723;942;1781;10;" (1)"
"3002022";"Czarnków (2)";11134;5645;5489;2411;1234;1177;6751;3717;3034;1972;694;1278;346;" (2)"
"3002032";"Drawsko (2)";5624;2809;2815;1094;569;525;3362;1836;1526;1168;404;764;163;" (2)"
"3002043";"Krzyż Wielkopolski (3)";8375;4148;4227;1574;814;760;4950;2693;2257;1851;641;1210;174;" (3)"
"3002052";"Lubasz (2)";7558;3821;3737;1651;884;767;4558;2440;2118;1349;497;852;167;" (2)"
"3002062";"Połajewo (2)";6051;3105;2946;1301;709;592;3663;2006;1657;1087;390;697;142;" (2)"
"3002073";"Trzcianka (3)";23705;11621;12084;4713;2425;2288;13874;7447;6427;5118;1749;3369;374;" (3)"
"3002083";"Wieleń (3)";11920;5983;5937;2226;1166;1060;6955;3832;3123;2739;985;1754;430;" (3)"
"3003011";"Gniezno (1)";64916;30971;33945;11595;5993;5602;37144;19618;17526;16177;5360;10817;41;" (1)"
"3003023";"Czerniejewo (3)";7213;3625;3588;1622;867;755;4203;2276;1927;1388;482;906;112;" (3)"
"3003032";"Gniezno (2)";13800;6881;6919;3634;1856;1778;8215;4331;3884;1951;694;1257;178;" (2)"
"3003042";"Kiszkowo (2)";5206;2620;2586;1084;552;532;3071;1691;1380;1051;377;674;114;" (2)"
"3003053";"Kłecko (3)";7265;3642;3623;1553;806;747;4291;2344;1947;1421;492;929;132;" (3)"
"3003062";"Łubowo (2)";7051;3508;3543;1685;867;818;4154;2198;1956;1212;443;769;114;" (2)"
"3003072";"Mieleszyn (2)";3719;1865;1854;796;407;389;2261;1215;1046;662;243;419;99;" (2)"
"3003082";"Niechanowo (2)";5972;2987;2985;1384;703;681;3528;1911;1617;1060;373;687;105;" (2)"
"3003093";"Trzemeszno (3)";13923;6924;6999;2910;1476;1434;8065;4359;3706;2948;1089;1859;175;" (3)"
"3003103";"Witkowo (3)";13101;6463;6638;2674;1412;1262;7711;4110;3601;2716;941;1775;185;" (3)"
"3004013";"Borek Wielkopolski (3)";7151;3618;3533;1422;761;661;4259;2323;1936;1470;534;936;128;" (3)"
"3004023";"Gostyń (3)";27943;13637;14306;5642;2927;2715;16301;8682;7619;6000;2028;3972;137;" (3)"
"3004033";"Krobia (3)";12687;6322;6365;2608;1382;1226;7644;4088;3556;2435;852;1583;130;" (3)"
"3004042";"Pępowo (2)";5794;2939;2855;1208;639;569;3431;1884;1547;1155;416;739;86;" (2)"
"3004052";"Piaski (2)";8332;4186;4146;1777;920;857;4996;2726;2270;1559;540;1019;100;" (2)"
"3004063";"Pogorzela (3)";4697;2355;2342;987;527;460;2816;1518;1298;894;310;584;97;" (3)"
"3004073";"Poniec (3)";7592;3736;3856;1615;800;815;4476;2429;2047;1501;507;994;132;" (3)"
"3005012";"Granowo (2)";5021;2502;2519;1162;582;580;2999;1616;1383;860;304;556;67;" (2)"
"3005023";"Grodzisk Wielkopolski (3)";20367;10078;10289;4382;2277;2105;12223;6485;5738;3762;1316;2446;133;" (3)"
"3005032";"Kamieniec (2)";6237;3139;3098;1359;684;675;3694;2021;1673;1184;434;750;133;" (2)"
"3005043";"Rakoniewice (3)";13197;6591;6606;3025;1511;1514;7880;4268;3612;2292;812;1480;201;" (3)"
"3005053";"Wielichowo (3)";6713;3361;3352;1471;749;722;3977;2155;1822;1265;457;808;108;" (3)"
"3006013";"Jaraczewo (3)";7741;3747;3994;1655;797;858;4540;2413;2127;1546;537;1009;133;" (3)"
"3006023";"Jarocin (3)";45611;22037;23574;9134;4715;4419;26511;14047;12464;9966;3275;6691;200;" (3)"
"3006032";"Kotlin (2)";7051;3490;3561;1484;761;723;4182;2258;1924;1385;471;914;84;" (2)"
"3006043";"Żerków (3)";9832;4941;4891;1951;1010;941;5920;3237;2683;1961;694;1267;170;" (3)"
"3007012";"Blizanów (2)";10135;4932;5203;2098;1031;1067;6081;3220;2861;1956;681;1275;158;" (2)"
"3007022";"Brzeziny (2)";5751;2822;2929;1191;576;615;3448;1855;1593;1112;391;721;127;" (2)"
"3007032";"Ceków-Kolonia (2)";4781;2382;2399;1013;521;492;2756;1497;1259;1012;364;648;88;" (2)"
"3007042";"Godziesze Wielkie (2)";10028;5020;5008;2177;1162;1015;6073;3236;2837;1778;622;1156;105;" (2)"
"3007053";"Koźminek (3)";7377;3665;3712;1468;733;735;4453;2426;2027;1456;506;950;89;" (3)"
"3007062";"Lisków (2)";5207;2507;2700;967;474;493;3021;1617;1404;1219;416;803;76;" (2)"
"3007072";"Mycielin (2)";4705;2338;2367;890;442;448;2818;1529;1289;997;367;630;111;" (2)"
"3007083";"Opatówek (3)";10704;5216;5488;2072;1027;1045;6357;3402;2955;2275;787;1488;104;" (3)"
"3007093";"Stawiszyn (3)";6817;3331;3486;1260;636;624;4062;2189;1873;1495;506;989;78;" (3)"
"3007102";"Szczytniki (2)";7616;3805;3811;1488;766;722;4573;2476;2097;1555;563;992;110;" (2)"
"3007112";"Żelazków (2)";9619;4754;4865;1966;1029;937;5762;3087;2675;1891;638;1253;114;" (2)"
"3008012";"Baranów (2)";8250;4148;4102;1734;889;845;5067;2749;2318;1449;510;939;74;" (2)"
"3008022";"Bralin (2)";6117;3108;3009;1321;728;593;3699;1982;1717;1097;398;699;85;" (2)"
"3008033";"Kępno (3)";24427;11878;12549;4667;2411;2256;14436;7638;6798;5324;1829;3495;124;" (3)"
"3008042";"Łęka Opatowska (2)";5195;2622;2573;1075;556;519;3180;1736;1444;940;330;610;78;" (2)"
"3008052";"Perzów (2)";3794;1878;1916;714;351;363;2369;1281;1088;711;246;465;75;" (2)"
"3008062";"Rychtal (2)";3674;1817;1857;688;340;348;2199;1212;987;787;265;522;97;" (2)"
"3008072";"Trzcinica (2)";4916;2423;2493;966;476;490;2979;1618;1361;971;329;642;75;" (2)"
"3009011";"Koło (1)";20064;9328;10736;3279;1647;1632;11153;5863;5290;5632;1818;3814;14;" (1)"
"3009022";"Babiak (2)";7473;3776;3697;1404;753;651;4550;2495;2055;1519;528;991;134;" (2)"
"3009032";"Chodów (2)";2840;1435;1405;434;236;198;1673;946;727;733;253;480;78;" (2)"
"3009043";"Dąbie (3)";5857;2896;2961;1032;530;502;3365;1843;1522;1460;523;937;130;" (3)"
"3009052";"Grzegorzew (2)";5418;2705;2713;1067;562;505;3263;1765;1498;1088;378;710;73;" (2)"
"3009063";"Kłodawa (3)";12040;5877;6163;2062;1064;998;7043;3828;3215;2935;985;1950;129;" (3)"
"3009072";"Koło (2)";7919;3991;3928;1703;908;795;4760;2587;2173;1456;496;960;103;" (2)"
"3009082";"Kościelec (2)";6768;3377;3391;1487;735;752;4021;2226;1795;1260;416;844;105;" (2)"
"3009092";"Olszówka (2)";4207;2101;2106;767;374;393;2513;1393;1120;927;334;593;82;" (2)"
"3009102";"Osiek Mały (2)";6204;3072;3132;1342;692;650;3789;2020;1769;1073;360;713;87;" (2)"
"3009113";"Przedecz (3)";3961;1948;2013;768;386;382;2275;1231;1044;918;331;587;76;" (3)"
"3010013";"Golina (3)";12184;6060;6124;2375;1209;1166;7524;4062;3462;2285;789;1496;99;" (3)"
"3010022";"Grodziec (2)";5039;2520;2519;1022;538;484;3050;1651;1399;967;331;636;118;" (2)"
"3010032";"Kazimierz Biskupi (2)";11494;5692;5802;2288;1164;1124;7110;3818;3292;2096;710;1386;108;" (2)"
"3010043";"Kleczew (3)";9675;4788;4887;1824;937;887;5978;3211;2767;1873;640;1233;110;" (3)"
"3010052";"Kramsk (2)";11544;5723;5821;2379;1223;1156;7167;3809;3358;1998;691;1307;132;" (2)"
"3010062";"Krzymów (2)";8221;4094;4127;1745;946;799;5068;2668;2400;1408;480;928;92;" (2)"
"3010073";"Rychwał (3)";8031;4002;4029;1539;820;719;4869;2619;2250;1623;563;1060;118;" (3)"
"3010082";"Rzgów (2)";7132;3562;3570;1429;769;660;4381;2343;2038;1322;450;872;105;" (2)"
"3010092";"Skulsk (2)";5823;2929;2894;1097;575;522;3479;1897;1582;1247;457;790;85;" (2)"
"3010103";"Sompolno (3)";10183;5014;5169;2023;1019;1004;6204;3336;2868;1956;659;1297;137;" (3)"
"3010112";"Stare Miasto (2)";12750;6333;6417;2877;1455;1422;7770;4130;3640;2103;748;1355;98;" (2)"
"3010123";"Ślesin (3)";13981;6944;7037;2698;1391;1307;8496;4579;3917;2787;974;1813;146;" (3)"
"3010132";"Wierzbinek (2)";6958;3545;3413;1419;753;666;4203;2337;1866;1336;455;881;147;" (2)"
"3010142";"Wilczyn (2)";5887;2922;2965;1210;632;578;3496;1865;1631;1181;425;756;83;" (2)"
"3011011";"Kościan (1)";23832;11323;12509;4297;2169;2128;13844;7297;6547;5691;1857;3834;9;" (1)"
"3011023";"Czempiń (3)";11441;5631;5810;2312;1167;1145;6754;3627;3127;2375;837;1538;142;" (3)"
"3011032";"Kościan (2)";15812;7895;7917;3330;1712;1618;9667;5195;4472;2815;988;1827;202;" (2)"
"3011043";"Krzywiń (3)";9590;4808;4782;1976;1014;962;5659;3104;2555;1955;690;1265;179;" (3)"
"3011053";"Śmigiel (3)";17108;8465;8643;3601;1829;1772;10113;5437;4676;3394;1199;2195;190;" (3)"
"3012011";"Sulmierzyce (1)";2736;1374;1362;579;305;274;1636;886;750;521;183;338;29;" (1)"
"3012023";"Kobylin (3)";7746;3904;3842;1606;875;731;4557;2478;2079;1583;551;1032;112;" (3)"
"3012033";"Koźmin Wielkopolski (3)";12821;6276;6545;2572;1312;1260;7473;4017;3456;2776;947;1829;152;" (3)"
"3012043";"Krotoszyn (3)";39789;19304;20485;7743;3923;3820;23403;12492;10911;8643;2889;5754;256;" (3)"
"3012052";"Rozdrażew (2)";5011;2510;2501;1090;573;517;3011;1619;1392;910;318;592;80;" (2)"
"3012063";"Zduny (3)";7614;3840;3774;1652;859;793;4539;2478;2061;1423;503;920;85;" (3)"
"3013012";"Krzemieniewo (2)";7884;3940;3944;1602;847;755;4606;2503;2103;1676;590;1086;113;" (2)"
"3013022";"Lipno (2)";9422;4700;4722;2445;1243;1202;5697;2997;2700;1280;460;820;104;" (2)"
"3013033";"Osieczna (3)";9282;4588;4694;1948;996;952;5537;2952;2585;1797;640;1157;129;" (3)"
"3013043";"Rydzyna (3)";10185;5080;5105;2441;1270;1171;6015;3186;2829;1729;624;1105;136;" (3)"
"3013052";"Święciechowa (2)";8556;4283;4273;1906;1008;898;5190;2774;2416;1460;501;959;134;" (2)"
"3013062";"Wijewo (2)";3765;1907;1858;898;446;452;2286;1238;1048;581;223;358;62;" (2)"
"3013072";"Włoszakowice (2)";9792;4820;4972;2260;1147;1113;5856;3097;2759;1676;576;1100;128;" (2)"
"3014012";"Chrzypsko Wielkie (2)";3213;1656;1557;634;344;290;1860;1044;816;719;268;451;85;" (2)"
"3014022";"Kwilcz (2)";6133;3115;3018;1296;652;644;3616;2013;1603;1221;450;771;141;" (2)"
"3014033";"Międzychód (3)";18015;8866;9149;3424;1754;1670;10565;5697;4868;4026;1415;2611;307;" (3)"
"3014043";"Sieraków (3)";8547;4172;4375;1679;863;816;4983;2652;2331;1885;657;1228;203;" (3)"
"3015012";"Kuślin (2)";5194;2643;2551;1142;599;543;3125;1708;1417;927;336;591;106;" (2)"
"3015023";"Lwówek (3)";8833;4392;4441;1819;945;874;5312;2862;2450;1702;585;1117;184;" (3)"
"3015032";"Miedzichowo (2)";3839;1918;1921;809;423;386;2266;1238;1028;764;257;507;209;" (2)"
"3015043";"Nowy Tomyśl (3)";27532;13404;14128;6001;3084;2917;16213;8538;7675;5318;1782;3536;186;" (3)"
"3015053";"Opalenica (3)";16067;7885;8182;3381;1768;1613;9430;4998;4432;3256;1119;2137;149;" (3)"
"3015063";"Zbąszyń (3)";13711;6738;6973;2870;1493;1377;8153;4345;3808;2688;900;1788;180;" (3)"
"3016013";"Oborniki (3)";34181;16758;17423;7297;3780;3517;20082;10667;9415;6802;2311;4491;340;" (3)"
"3016023";"Rogoźno (3)";18054;9005;9049;3780;1901;1879;10692;5838;4854;3582;1266;2316;216;" (3)"
"3016032";"Ryczywół (2)";6929;3520;3409;1448;781;667;4133;2271;1862;1348;468;880;155;" (2)"
"3017011";"Ostrów Wielkopolski (1)";70296;33540;36756;12055;6232;5823;40271;21269;19002;17970;6039;11931;42;" (1)"
"3017023";"Nowe Skalmierzyce (3)";15910;7878;8032;3306;1727;1579;9614;5135;4479;2990;1016;1974;125;" (3)"
"3017033";"Odolanów (3)";14474;7198;7276;3099;1574;1525;8753;4714;4039;2622;910;1712;136;" (3)"
"3017042";"Ostrów Wielkopolski (2)";19146;9514;9632;4022;2088;1934;11544;6200;5344;3580;1226;2354;208;" (2)"
"3017052";"Przygodzice (2)";12285;6146;6139;2558;1352;1206;7351;3920;3431;2376;874;1502;163;" (2)"
"3017063";"Raszków (3)";11501;5727;5774;2397;1227;1170;6876;3716;3160;2228;784;1444;135;" (3)"
"3017072";"Sieroszewice (2)";9361;4705;4656;1880;975;905;5673;3086;2587;1808;644;1164;163;" (2)"
"3017082";"Sośnie (2)";6320;3143;3177;1253;620;633;3897;2137;1760;1170;386;784;188;" (2)"
"3018012";"Czajków (2)";2485;1242;1243;497;230;267;1489;835;654;499;177;322;71;" (2)"
"3018022";"Doruchów (2)";5129;2575;2554;1067;546;521;3100;1674;1426;962;355;607;99;" (2)"
"3018033";"Grabów nad Prosną (3)";7703;3797;3906;1574;770;804;4591;2468;2123;1538;559;979;124;" (3)"
"3018042";"Kobyla Góra (2)";6187;3115;3072;1253;627;626;3757;2066;1691;1177;422;755;130;" (2)"
"3018052";"Kraszewice (2)";3548;1776;1772;742;403;339;2080;1132;948;726;241;485;75;" (2)"
"3018063";"Mikstat (3)";5859;2886;2973;1153;570;583;3466;1889;1577;1240;427;813;87;" (3)"
"3018073";"Ostrzeszów (3)";23989;11714;12275;4662;2456;2206;14135;7493;6642;5192;1765;3427;187;" (3)"
"3019011";"Piła (1)";71226;34060;37166;12347;6386;5961;40968;21601;19367;17911;6073;11838;103;" (1)"
"3019022";"Białośliwie (2)";4557;2254;2303;913;447;466;2759;1498;1261;885;309;576;76;" (2)"
"3019032";"Kaczory (2)";7496;3742;3754;1513;776;737;4555;2457;2098;1428;509;919;151;" (2)"
"3019043";"Łobżenica (3)";9122;4641;4481;1779;930;849;5500;3041;2459;1843;670;1173;191;" (3)"
"3019052";"Miasteczko Krajeńskie (2)";3026;1514;1512;636;308;328;1804;995;809;586;211;375;71;" (2)"
"3019062";"Szydłowo (2)";9418;4724;4694;2066;1021;1045;5842;3143;2699;1510;560;950;266;" (2)"
"3019073";"Ujście (3)";7661;3817;3844;1417;742;675;4623;2525;2098;1621;550;1071;128;" (3)"
"3019083";"Wyrzysk (3)";13269;6510;6759;2650;1369;1281;7953;4229;3724;2666;912;1754;159;" (3)"
"3019093";"Wysoka (3)";6216;3122;3094;1324;647;677;3652;2039;1613;1240;436;804;123;" (3)"
"3020013";"Chocz (3)";4461;2248;2213;825;435;390;2749;1518;1231;887;295;592;74;" (3)"
"3020022";"Czermin (2)";4838;2461;2377;1048;551;497;2854;1596;1258;936;314;622;98;" (2)"
"3020033";"Dobrzyca (3)";7725;3780;3945;1532;771;761;4565;2465;2100;1628;544;1084;117;" (3)"
"3020042";"Gizałki (2)";4502;2243;2259;954;509;445;2731;1443;1288;817;291;526;108;" (2)"
"3020052";"Gołuchów (2)";11117;5502;5615;2316;1183;1133;6717;3573;3144;2084;746;1338;136;" (2)"
"3020063";"Pleszew (3)";29080;14258;14822;5514;2889;2625;16841;8997;7844;6725;2372;4353;180;" (3)"
"3021011";"Luboń (1)";32922;15662;17260;6712;3460;3252;19901;10163;9738;6309;2039;4270;14;" (1)"
"3021021";"Puszczykowo (1)";9408;4512;4896;1641;868;773;5216;2756;2460;2551;888;1663;16;" (1)"
"3021033";"Buk (3)";12751;6195;6556;2620;1341;1279;7651;4027;3624;2480;827;1653;91;" (3)"
"3021042";"Czerwonak (2)";27863;13624;14239;5780;3022;2758;16554;8714;7840;5529;1888;3641;82;" (2)"
"3021052";"Dopiewo (2)";33821;16575;17246;9435;4885;4550;20324;10205;10119;4062;1485;2577;108;" (2)"
"3021062";"Kleszczewo (2)";10880;5372;5508;2985;1524;1461;6709;3437;3272;1186;411;775;74;" (2)"
"3021072";"Komorniki (2)";35993;17553;18440;9997;5142;4855;21948;11037;10911;4048;1374;2674;66;" (2)"
"3021083";"Kostrzyn (3)";19586;9548;10038;4348;2211;2137;11830;6200;5630;3408;1137;2271;155;" (3)"
"3021093";"Kórnik (3)";34599;17056;17543;8967;4649;4318;21107;10865;10242;4525;1542;2983;186;" (3)"
"3021103";"Mosina (3)";34942;17002;17940;7915;4020;3895;20671;10753;9918;6356;2229;4127;172;" (3)"
"3021113";"Murowana Goślina (3)";16873;8343;8530;3405;1755;1650;10321;5501;4820;3147;1087;2060;172;" (3)"
"3021123";"Pobiedziska (3)";21038;10329;10709;4496;2289;2207;12591;6698;5893;3951;1342;2609;189;" (3)"
"3021132";"Rokietnica (2)";22821;11160;11661;6020;3104;2916;13866;7032;6834;2935;1024;1911;79;" (2)"
"3021143";"Stęszew (3)";15439;7572;7867;3103;1589;1514;9298;4931;4367;3038;1052;1986;175;" (3)"
"3021152";"Suchy Las (2)";20108;9758;10350;4831;2459;2372;11755;5990;5765;3522;1309;2213;117;" (2)"
"3021163";"Swarzędz (3)";55612;26863;28749;12516;6319;6197;33565;17331;16234;9531;3213;6318;102;" (3)"
"3021172";"Tarnowo Podgórne (2)";31817;15397;16420;7848;3991;3857;18640;9525;9115;5329;1881;3448;102;" (2)"
"3022013";"Bojanowo (3)";8339;4210;4129;1602;827;775;4967;2750;2217;1770;633;1137;124;" (3)"
"3022023";"Jutrosin (3)";6954;3515;3439;1601;869;732;4077;2195;1882;1276;451;825;115;" (3)"
"3022033";"Miejska Górka (3)";8917;4446;4471;1827;944;883;5278;2867;2411;1812;635;1177;103;" (3)"
"3022042";"Pakosław (2)";4799;2492;2307;1099;577;522;2798;1555;1243;902;360;542;78;" (2)"
"3022053";"Rawicz (3)";30125;14490;15635;6027;3053;2974;17610;9292;8318;6488;2145;4343;134;" (3)"
"3023011";"Słupca (1)";13267;6315;6952;2217;1156;1061;7464;3946;3518;3586;1213;2373;10;" (1)"
"3023022";"Lądek (2)";5522;2778;2744;1085;559;526;3242;1775;1467;1195;444;751;99;" (2)"
"3023032";"Orchowo (2)";3602;1805;1797;715;370;345;2099;1153;946;788;282;506;98;" (2)"
"3023042";"Ostrowite (2)";4858;2429;2429;944;464;480;2899;1599;1300;1015;366;649;104;" (2)"
"3023052";"Powidz (2)";2233;1122;1111;402;189;213;1284;722;562;547;211;336;81;" (2)"
"3023062";"Słupca (2)";9812;4929;4883;2046;1102;944;6050;3245;2805;1716;582;1134;144;" (2)"
"3023072";"Strzałkowo (2)";10010;5080;4930;2000;1068;932;6077;3322;2755;1933;690;1243;142;" (2)"
"3023083";"Zagórów (3)";8548;4297;4251;1612;860;752;5198;2842;2356;1738;595;1143;160;" (3)"
"3024011";"Obrzycko (1)";2384;1158;1226;507;258;249;1405;754;651;472;146;326;4;" (1)"
"3024022";"Duszniki (2)";9471;4732;4739;2143;1133;1010;5631;2997;2634;1697;602;1095;155;" (2)"
"3024032";"Kaźmierz (2)";9155;4475;4680;2073;1039;1034;5527;2916;2611;1555;520;1035;128;" (2)"
"3024042";"Obrzycko (2)";4396;2207;2189;919;479;440;2627;1435;1192;850;293;557;111;" (2)"
"3024053";"Ostroróg (3)";4741;2401;2340;970;519;451;2823;1540;1283;948;342;606;85;" (3)"
"3024063";"Pniewy (3)";12508;6124;6384;2657;1363;1294;7422;3928;3494;2429;833;1596;158;" (3)"
"3024073";"Szamotuły (3)";30103;14533;15570;6046;3106;2940;17654;9298;8356;6403;2129;4274;176;" (3)"
"3024083";"Wronki (3)";18904;9330;9574;3701;1934;1767;11043;5908;5135;4160;1488;2672;302;" (3)"
"3025012";"Dominowo (2)";3295;1651;1644;759;396;363;1972;1059;913;564;196;368;79;" (2)"
"3025022";"Krzykosy (2)";7276;3655;3621;1636;869;767;4356;2333;2023;1284;453;831;111;" (2)"
"3025032";"Nowe Miasto nad Wartą (2)";8687;4321;4366;1815;933;882;5228;2827;2401;1644;561;1083;120;" (2)"
"3025043";"Środa Wielkopolska (3)";33551;16376;17175;7101;3638;3463;19629;10457;9172;6821;2281;4540;207;" (3)"
"3025052";"Zaniemyśl (2)";6905;3423;3482;1492;781;711;4099;2188;1911;1314;454;860;107;" (2)"
"3026012";"Brodnica (2)";4768;2397;2371;1025;538;487;2890;1570;1320;853;289;564;96;" (2)"
"3026023";"Dolsk (3)";5755;2876;2879;1267;643;624;3431;1860;1571;1057;373;684;124;" (3)"
"3026033";"Książ Wielkopolski (3)";8133;4109;4024;1702;889;813;4920;2685;2235;1511;535;976;148;" (3)"
"3026043";"Śrem (3)";42473;20595;21878;8668;4482;4186;24997;13146;11851;8808;2967;5841;206;" (3)"
"3027011";"Turek (1)";25169;11794;13375;4023;2033;1990;14391;7635;6756;6755;2126;4629;16;" (1)"
"3027022";"Brudzew (2)";5928;2884;3044;1240;609;631;3511;1876;1635;1177;399;778;112;" (2)"
"3027033";"Dobra (3)";5877;2946;2931;1091;554;537;3418;1905;1513;1368;487;881;132;" (3)"
"3027042";"Kawęczyn (2)";4974;2490;2484;1032;527;505;2924;1593;1331;1018;370;648;101;" (2)"
"3027052";"Malanów (2)";6513;3207;3306;1317;664;653;4049;2171;1878;1147;372;775;107;" (2)"
"3027062";"Przykona (2)";4602;2274;2328;986;513;473;2787;1483;1304;829;278;551;111;" (2)"
"3027073";"Tuliszków (3)";10233;5081;5152;2137;1106;1031;6161;3336;2825;1935;639;1296;150;" (3)"
"3027082";"Turek (2)";10448;5242;5206;2437;1252;1185;6439;3443;2996;1572;547;1025;109;" (2)"
"3027092";"Władysławów (2)";7964;4005;3959;1683;909;774;4892;2626;2266;1389;470;919;91;" (2)"
"3028011";"Wągrowiec (1)";25584;12324;13260;4915;2465;2450;15080;7950;7130;5589;1909;3680;18;" (1)"
"3028022";"Damasławek (2)";5077;2495;2582;1064;562;502;2922;1572;1350;1091;361;730;105;" (2)"
"3028033";"Gołańcz (3)";7830;4011;3819;1699;886;813;4625;2591;2034;1506;534;972;192;" (3)"
"3028042";"Mieścisko (2)";5738;2874;2864;1180;624;556;3451;1857;1594;1107;393;714;135;" (2)"
"3028053";"Skoki (3)";9993;5017;4976;2222;1160;1062;6011;3262;2749;1760;595;1165;198;" (3)"
"3028062";"Wapno (2)";2726;1351;1375;528;276;252;1590;862;728;608;213;395;44;" (2)"
"3028072";"Wągrowiec (2)";12151;6115;6036;2829;1414;1415;7246;3960;3286;2076;741;1335;348;" (2)"
"3029012";"Przemęt (2)";14032;7032;7000;3100;1558;1542;8351;4533;3818;2581;941;1640;225;" (2)"
"3029022";"Siedlec (2)";12435;6129;6306;2753;1395;1358;7420;3960;3460;2262;774;1488;205;" (2)"
"3029033";"Wolsztyn (3)";30360;14738;15622;6387;3224;3163;17692;9397;8295;6281;2117;4164;250;" (3)"
"3030012";"Kołaczkowo (2)";5654;2840;2814;1200;608;592;3381;1853;1528;1073;379;694;116;" (2)"
"3030023";"Miłosław (3)";9978;4975;5003;2004;1069;935;5864;3182;2682;2110;724;1386;132;" (3)"
"3030033";"Nekla (3)";7742;3796;3946;1613;806;807;4755;2507;2248;1374;483;891;96;" (3)"
"3030043";"Pyzdry (3)";6554;3229;3325;1265;641;624;3870;2103;1767;1419;485;934;138;" (3)"
"3030053";"Września (3)";48152;23299;24853;9726;4952;4774;28590;15126;13464;9836;3221;6615;222;" (3)"
"3031011";"Złotów (1)";18525;8881;9644;3275;1692;1583;11000;5738;5262;4250;1451;2799;12;" (1)"
"3031023";"Jastrowie (3)";11047;5466;5581;2204;1144;1060;6474;3508;2966;2369;814;1555;353;" (3)"
"3031033";"Krajenka (3)";7413;3661;3752;1568;802;766;4493;2412;2081;1352;447;905;191;" (3)"
"3031042";"Lipka (2)";5321;2669;2652;1064;540;524;3218;1768;1450;1039;361;678;191;" (2)"
"3031053";"Okonek (3)";7993;3972;4021;1521;757;764;4731;2621;2110;1741;594;1147;326;" (3)"
"3031062";"Tarnówka (2)";2949;1515;1434;622;325;297;1756;983;773;571;207;364;132;" (2)"
"3031072";"Zakrzewo (2)";4906;2483;2423;1007;526;481;3052;1660;1392;847;297;550;162;" (2)"
"3031082";"Złotów (2)";9802;5012;4790;2196;1152;1044;6081;3321;2760;1525;539;986;293;" (2)"
"3061011";"Kalisz (1)";95021;44122;50899;15580;7917;7663;53646;27919;25727;25795;8286;17509;69;" (1)"
"3062011";"Konin (1)";69069;32408;36661;10495;5361;5134;39159;20601;18558;19415;6446;12969;82;" (1)"
"3063011";"Leszno (1)";61396;29096;32300;10880;5569;5311;35260;18397;16863;15256;5130;10126;32;" (1)"
"3064011";"Poznań (1)";545073;254188;290885;84796;43732;41064;330755;168110;162645;129522;42346;87176;262;" (1)"
"3201011";"Białogard (1)";22908;11025;11883;3798;1981;1817;13431;7162;6269;5679;1882;3797;26;" (1)"
"3201022";"Białogard (2)";7333;3737;3596;1384;720;664;4599;2545;2054;1350;472;878;328;" (2)"
"3201033";"Karlino (3)";8599;4236;4363;1628;798;830;5170;2838;2332;1801;600;1201;141;" (3)"
"3201043";"Tychowo (3)";6341;3205;3136;1276;681;595;3747;2060;1687;1318;464;854;350;" (3)"
"3202012";"Bierzwnik (2)";4418;2259;2159;794;419;375;2545;1450;1095;1079;390;689;240;" (2)"
"3202023";"Choszczno (3)";20479;9966;10513;3596;1867;1729;11933;6377;5556;4950;1722;3228;246;" (3)"
"3202033";"Drawno (3)";4686;2325;2361;748;389;359;2754;1536;1218;1184;400;784;321;" (3)"
"3202042";"Krzęcin (2)";3339;1682;1657;625;310;315;1985;1105;880;729;267;462;140;" (2)"
"3202053";"Pełczyce (3)";7280;3713;3567;1426;765;661;4377;2419;1958;1477;529;948;201;" (3)"
"3202063";"Recz (3)";5046;2512;2534;914;462;452;3011;1649;1362;1121;401;720;180;" (3)"
"3203013";"Czaplinek (3)";11286;5569;5717;2139;1115;1024;6572;3543;3029;2575;911;1664;365;" (3)"
"3203023";"Drawsko Pomorskie (3)";16613;8139;8474;2901;1475;1426;9739;5292;4447;3973;1372;2601;409;" (3)"
"3203033";"Kalisz Pomorski (3)";6904;3339;3565;1453;678;775;4016;2167;1849;1435;494;941;481;" (3)"
"3203052";"Wierzchowo (2)";4086;2078;2008;741;391;350;2392;1342;1050;953;345;608;229;" (2)"
"3203063";"Złocieniec (3)";15537;7549;7988;2733;1396;1337;9090;4919;4171;3714;1234;2480;280;" (3)"
"3204023";"Goleniów (3)";36997;18037;18960;7207;3615;3592;21958;11720;10238;7832;2702;5130;443;" (3)"
"3204033";"Maszewo (3)";8584;4317;4267;1775;916;859;5196;2859;2337;1613;542;1071;210;" (3)"
"3204043";"Nowogard (3)";23674;11623;12051;4216;2126;2090;14064;7659;6405;5394;1838;3556;339;" (3)"
"3204052";"Osina (2)";2915;1489;1426;551;308;243;1796;976;820;568;205;363;102;" (2)"
"3204062";"Przybiernów (2)";4861;2484;2377;878;452;426;2942;1664;1278;1041;368;673;229;" (2)"
"3204073";"Stepnica (3)";4751;2401;2350;892;465;427;2886;1601;1285;973;335;638;293;" (3)"
"3205012";"Brojce (2)";3497;1804;1693;718;360;358;2077;1191;886;702;253;449;118;" (2)"
"3205023";"Gryfice (3)";23044;11200;11844;4202;2142;2060;13366;7155;6211;5476;1903;3573;261;" (3)"
"3205032";"Karnice (2)";3769;1898;1871;653;339;314;2283;1284;999;833;275;558;133;" (2)"
"3205043";"Płoty (3)";8243;4145;4098;1529;786;743;4999;2767;2232;1715;592;1123;239;" (3)"
"3205072";"Rewal (2)";3657;1784;1873;596;312;284;2145;1137;1008;916;335;581;43;" (2)"
"3205083";"Trzebiatów (3)";15128;7595;7533;2602;1307;1295;9102;5072;4030;3424;1216;2208;227;" (3)"
"3206012";"Banie (2)";5859;2940;2919;1070;528;542;3504;1965;1539;1285;447;838;206;" (2)"
"3206023";"Cedynia (3)";4081;2035;2046;735;361;374;2521;1397;1124;825;277;548;181;" (3)"
"3206033";"Chojna (3)";13302;6522;6780;2444;1217;1227;8083;4382;3701;2775;923;1852;332;" (3)"
"3206043";"Gryfino (3)";30613;14961;15652;5427;2802;2625;17778;9540;8238;7408;2619;4789;254;" (3)"
"3206053";"Mieszkowice (3)";6637;3360;3277;1234;638;596;4027;2244;1783;1376;478;898;239;" (3)"
"3206063";"Moryń (3)";4128;2006;2122;754;374;380;2433;1303;1130;941;329;612;125;" (3)"
"3206072";"Stare Czarnowo (2)";3699;1907;1792;665;347;318;2182;1249;933;852;311;541;153;" (2)"
"3206083";"Trzcińsko-Zdrój (3)";4923;2458;2465;866;426;440;2918;1618;1300;1139;414;725;170;" (3)"
"3206092";"Widuchowa (2)";5098;2586;2512;970;498;472;3086;1705;1381;1042;383;659;210;" (2)"
"3207013";"Dziwnów (3)";3662;1775;1887;500;264;236;2138;1160;978;1024;351;673;40;" (3)"
"3207023";"Golczewo (3)";5569;2772;2797;949;493;456;3320;1834;1486;1300;445;855;175;" (3)"
"3207033";"Kamień Pomorski (3)";13666;6608;7058;2185;1134;1051;7804;4196;3608;3677;1278;2399;209;" (3)"
"3207043";"Międzyzdroje (3)";6111;2872;3239;880;433;447;3522;1874;1648;1709;565;1144;116;" (3)"
"3207052";"Świerzno (2)";4031;2006;2025;743;377;366;2424;1339;1085;864;290;574;140;" (2)"
"3207063";"Wolin (3)";11756;5859;5897;2000;1002;998;6886;3820;3066;2870;1037;1833;327;" (3)"
"3208011";"Kołobrzeg (1)";44003;20443;23560;6494;3298;3196;24767;12918;11849;12742;4227;8515;26;" (1)"
"3208022";"Dygowo (2)";5388;2713;2675;1012;532;480;3197;1762;1435;1179;419;760;129;" (2)"
"3208033";"Gościno (3)";5271;2639;2632;1057;582;475;3132;1674;1458;1082;383;699;116;" (3)"
"3208042";"Kołobrzeg (2)";11308;5569;5739;2193;1143;1050;6915;3632;3283;2200;794;1406;144;" (2)"
"3208052";"Rymań (2)";3703;1859;1844;672;336;336;2290;1268;1022;741;255;486;146;" (2)"
"3208062";"Siemyśl (2)";3951;1997;1954;806;427;379;2452;1328;1124;693;242;451;107;" (2)"
"3208072";"Ustronie Morskie (2)";3783;1797;1986;670;311;359;2230;1175;1055;883;311;572;57;" (2)"
"3209012";"Będzino (2)";8481;4241;4240;1547;814;733;5161;2778;2383;1773;649;1124;166;" (2)"
"3209022";"Biesiekierz (2)";7463;3749;3714;1559;791;768;4555;2447;2108;1349;511;838;116;" (2)"
"3209033";"Bobolice (3)";8389;4231;4158;1467;769;698;5103;2849;2254;1819;613;1206;368;" (3)"
"3209042";"Manowo (2)";6798;3396;3402;1306;657;649;4068;2225;1843;1424;514;910;188;" (2)"
"3209053";"Mielno (3)";4810;2331;2479;753;396;357;2789;1476;1313;1268;459;809;62;" (3)"
"3209063";"Polanów (3)";8253;4160;4093;1496;763;733;4934;2743;2191;1823;654;1169;393;" (3)"
"3209073";"Sianów (3)";13934;6864;7070;2663;1357;1306;8555;4600;3955;2716;907;1809;227;" (3)"
"3209082";"Świeszyno (2)";8250;4163;4087;1795;924;871;5127;2752;2375;1328;487;841;133;" (2)"
"3210013";"Barlinek (3)";18649;9129;9520;3382;1738;1644;10865;5859;5006;4402;1532;2870;259;" (3)"
"3210022";"Boleszkowice (2)";2795;1426;1369;530;289;241;1737;964;773;528;173;355;130;" (2)"
"3210033";"Dębno (3)";19690;9690;10000;3618;1887;1731;11729;6373;5356;4343;1430;2913;318;" (3)"
"3210043";"Myślibórz (3)";18833;9232;9601;3086;1578;1508;10889;5962;4927;4858;1692;3166;329;" (3)"
"3210052";"Nowogródek Pomorski (2)";3322;1665;1657;667;350;317;2015;1105;910;640;210;430;146;" (2)"
"3211012";"Dobra (Szczecińska) (2)";28119;13744;14375;6966;3490;3476;17327;8843;8484;3826;1411;2415;110;" (2)"
"3211022";"Kołbaskowo (2)";14705;7182;7523;3319;1683;1636;9443;4824;4619;1943;675;1268;105;" (2)"
"3211033";"Nowe Warpno (3)";1556;771;785;238;132;106;884;486;398;434;153;281;198;" (3)"
"3211043";"Police (3)";39498;19327;20171;6929;3531;3398;23489;12605;10884;9080;3191;5889;252;" (3)"
"3212012";"Bielice (2)";2976;1509;1467;585;306;279;1833;1001;832;558;202;356;84;" (2)"
"3212022";"Kozielice (2)";2422;1244;1178;480;257;223;1443;822;621;499;165;334;95;" (2)"
"3212033";"Lipiany (3)";5569;2780;2789;965;518;447;3151;1752;1399;1453;510;943;95;" (3)"
"3212042";"Przelewice (2)";4590;2346;2244;843;432;411;2722;1537;1185;1025;377;648;162;" (2)"
"3212053";"Pyrzyce (3)";18427;9041;9386;3272;1718;1554;10597;5773;4824;4558;1550;3008;204;" (3)"
"3212062";"Warnice (2)";3147;1601;1546;571;302;269;1926;1093;833;650;206;444;86;" (2)"
"3213011";"Darłowo (1)";12893;6141;6752;2016;1030;986;7319;3944;3375;3558;1167;2391;20;" (1)"
"3213021";"Sławno (1)";12002;5697;6305;2072;1093;979;6751;3553;3198;3179;1051;2128;16;" (1)"
"3213032";"Darłowo (2)";7573;3786;3787;1423;706;717;4683;2539;2144;1467;541;926;269;" (2)"
"3213042";"Malechowo (2)";6060;3028;3032;1100;551;549;3703;2032;1671;1257;445;812;227;" (2)"
"3213052";"Postomino (2)";6797;3411;3386;1423;746;677;4080;2246;1834;1294;419;875;227;" (2)"
"3213062";"Sławno (2)";8461;4252;4209;1728;884;844;5224;2832;2392;1509;536;973;284;" (2)"
"3214011";"Stargard (1)";67161;32185;34976;11275;5663;5612;38828;20720;18108;17058;5802;11256;48;" (1)"
"3214023";"Chociwel (3)";5568;2850;2718;1052;570;482;3331;1855;1476;1185;425;760;161;" (3)"
"3214033";"Dobrzany (3)";4587;2301;2286;810;413;397;2729;1532;1197;1048;356;692;135;" (3)"
"3214042";"Dolice (2)";7239;3677;3562;1390;707;683;4384;2446;1938;1465;524;941;237;" (2)"
"3214053";"Ińsko (3)";3189;1611;1578;528;282;246;1880;1059;821;781;270;511;151;" (3)"
"3214062";"Kobylanka (2)";6217;3107;3110;1309;685;624;3756;1985;1771;1152;437;715;122;" (2)"
"3214082";"Marianowo (2)";2889;1421;1468;530;265;265;1805;976;829;554;180;374;102;" (2)"
"3214092";"Stara Dąbrowa (2)";3591;1844;1747;758;379;379;2176;1224;952;657;241;416;113;" (2)"
"3214102";"Stargard (2)";14666;7431;7235;3368;1729;1639;9065;4942;4123;2233;760;1473;318;" (2)"
"3214113";"Suchań (3)";4083;2054;2029;761;371;390;2475;1382;1093;847;301;546;133;" (3)"
"3215011";"Szczecinek (1)";38148;18058;20090;6539;3376;3163;21787;11490;10297;9822;3192;6630;48;" (1)"
"3215023";"Barwice (3)";7979;4009;3970;1480;773;707;4792;2645;2147;1707;591;1116;259;" (3)"
"3215033";"Biały Bór (3)";4962;2469;2493;968;475;493;2843;1588;1255;1151;406;745;270;" (3)"
"3215043";"Borne Sulinowo (3)";9371;4619;4752;1522;761;761;5384;2917;2467;2465;941;1524;484;" (3)"
"3215052";"Grzmiąca (2)";4407;2245;2162;809;407;402;2601;1502;1099;997;336;661;205;" (2)"
"3215062";"Szczecinek (2)";8894;4532;4362;1751;918;833;5411;2985;2426;1732;629;1103;500;" (2)"
"3216011";"Świdwin (1)";14831;7044;7787;2646;1297;1349;8526;4503;4023;3659;1244;2415;22;" (1)"
"3216022";"Brzeżno (2)";2633;1337;1296;536;287;249;1531;853;678;566;197;369;111;" (2)"
"3216033";"Połczyn-Zdrój (3)";13968;6848;7120;2232;1225;1007;7988;4361;3627;3748;1262;2486;344;" (3)"
"3216042";"Rąbino (2)";3339;1736;1603;572;278;294;2045;1198;847;722;260;462;180;" (2)"
"3216052";"Sławoborze (2)";3887;1951;1936;711;376;335;2334;1289;1045;842;286;556;189;" (2)"
"3216062";"Świdwin (2)";5403;2766;2637;997;475;522;3267;1870;1397;1139;421;718;247;" (2)"
"3217011";"Wałcz (1)";23978;11382;12596;3886;1955;1931;13900;7374;6526;6192;2053;4139;38;" (1)"
"3217023";"Człopa (3)";4658;2328;2330;872;476;396;2746;1491;1255;1040;361;679;349;" (3)"
"3217033";"Mirosławiec (3)";5336;2621;2715;1034;514;520;3214;1723;1491;1088;384;704;203;" (3)"
"3217043";"Tuczno (3)";4558;2316;2242;849;443;406;2666;1524;1142;1043;349;694;250;" (3)"
"3217052";"Wałcz (2)";12199;6103;6096;2410;1223;1187;7485;4078;3407;2304;802;1502;575;" (2)"
"3218013";"Dobra (3)";3917;1952;1965;699;351;348;2325;1302;1023;893;299;594;116;" (3)"
"3218023";"Łobez (3)";13068;6370;6698;2305;1204;1101;7455;4033;3422;3308;1133;2175;227;" (3)"
"3218032";"Radowo Małe (2)";3288;1661;1627;599;306;293;1906;1081;825;783;274;509;181;" (2)"
"3218043";"Resko (3)";7418;3744;3674;1306;666;640;4362;2483;1879;1750;595;1155;285;" (3)"
"3218053";"Węgorzyno (3)";6403;3225;3178;1164;595;569;3811;2134;1677;1428;496;932;256;" (3)"
"3261011";"Koszalin (1)";104891;49407;55484;16870;8753;8117;59631;31236;28395;28390;9418;18972;98;" (1)"
"3262011";"Szczecin (1)";394482;187032;207450;62607;32163;30444;231478;120794;110684;100397;34075;66322;301;" (1)"
"3263011";"Świnoujście (1)";39834;19096;20738;5808;2977;2831;22976;12267;10709;11050;3852;7198;202;" (1)"
